20 600
4 11 16 6 15 0
15 19 4 13 14 0
3 5 20 9 10 0
15 7 16 11 17 0
2 12 14 10 6 0
10 5 19 16 20 0
1 11 5 15 17 0
15 11 10 9 5 0
14 20 8 13 17 0
8 14 5 18 2 0
18 1 15 7 17 0
12 17 11 14 8 0
4 10 2 6 19 0
2 10 5 13 17 0
17 20 6 16 5 0
10 5 7 18 13 0
6 16 1 17 12 0
4 19 20 17 6 0
3 19 20 8 17 0
1 18 13 14 6 0
10 5 11 17 2 0
12 14 20 11 3 0
4 16 18 5 1 0
20 2 9 15 7 0
11 2 15 3 8 0
8 17 9 13 19 0
5 6 3 10 17 0
13 12 20 8 9 0
16 11 1 4 15 0
15 2 5 8 16 0
8 19 3 15 7 0
11 19 17 8 16 0
19 17 12 11 1 0
4 10 1 19 20 0
2 6 16 1 10 0
8 14 7 15 10 0
14 5 12 20 11 0
15 11 8 2 6 0
18 10 9 13 11 0
3 10 12 1 5 0
5 13 6 12 7 0
12 6 8 17 11 0
19 17 13 12 6 0
16 10 5 9 19 0
15 4 8 18 16 0
4 2 20 10 13 0
18 1 11 5 16 0
6 13 20 4 17 0
6 11 1 8 15 0
17 16 13 4 11 0
13 1 18 16 3 0
18 17 7 12 9 0
7 4 14 6 19 0
10 3 9 15 16 0
9 12 4 13 15 0
14 5 15 4 1 0
9 13 17 8 19 0
6 4 2 13 20 0
7 6 5 15 20 0
14 9 3 6 12 0
1 20 18 6 7 0
5 6 14 3 12 0
17 5 7 1 4 0
14 6 1 18 12 0
1 11 20 15 12 0
20 3 13 11 12 0
10 16 4 19 2 0
8 4 15 11 7 0
4 7 14 2 15 0
16 13 7 5 1 0
10 4 12 8 2 0
16 17 9 19 15 0
3 19 9 17 12 0
7 10 8 20 9 0
14 4 1 20 2 0
5 12 11 1 15 0
6 8 16 1 17 0
17 12 11 19 10 0
1 7 10 11 8 0
11 18 7 19 6 0
1 14 6 12 7 0
3 16 9 15 10 0
14 2 18 15 1 0
4 7 13 10 16 0
2 20 15 13 9 0
1 11 14 13 16 0
12 17 2 14 10 0
8 1 3 10 9 0
11 3 6 18 4 0
15 8 11 17 19 0
5 9 8 6 11 0
13 10 6 4 19 0
17 8 16 10 2 0
17 19 3 14 20 0
1 11 16 15 10 0
6 11 1 3 20 0
20 1 12 9 18 0
16 15 4 3 20 0
12 9 8 3 11 0
18 16 2 6 17 0
4 16 3 7 8 0
5 17 7 4 18 0
18 4 15 5 3 0
9 13 17 20 16 0
5 19 18 7 16 0
13 9 5 11 8 0
18 19 14 5 15 0
11 10 20 14 6 0
5 3 8 13 15 0
17 4 3 13 2 0
20 9 5 13 15 0
16 12 15 6 8 0
1 8 18 11 19 0
17 16 1 18 4 0
5 12 8 19 4 0
1 18 15 9 2 0
14 13 8 10 5 0
19 16 10 18 9 0
15 18 7 4 5 0
2 16 3 17 13 0
19 20 12 17 4 0
13 6 10 20 4 0
6 7 5 10 18 0
12 11 15 19 10 0
17 5 1 10 20 0
15 19 12 5 18 0
4 13 8 19 3 0
20 10 18 5 16 0
2 6 13 5 16 0
20 3 14 1 11 0
2 5 4 16 10 0
2 8 15 11 3 0
19 4 10 9 18 0
1 18 15 6 8 0
3 18 12 19 9 0
6 4 9 17 13 0
20 9 1 2 8 0
15 12 2 14 3 0
14 4 3 12 18 0
20 17 3 6 13 0
15 6 16 2 13 0
20 13 14 7 8 0
18 20 13 4 2 0
6 8 16 9 17 0
16 5 14 10 3 0
13 2 17 18 9 0
11 2 3 6 1 0
16 12 19 15 9 0
18 7 12 19 4 0
19 15 13 16 2 0
17 1 3 19 13 0
4 7 3 10 13 0
17 11 8 3 12 0
15 14 2 9 20 0
15 5 10 18 4 0
16 10 11 17 19 0
11 19 9 15 14 0
8 9 10 2 6 0
19 1 20 2 15 0
13 4 3 6 15 0
9 3 4 18 6 0
20 8 18 19 4 0
4 5 13 6 11 0
4 6 10 17 20 0
15 12 14 20 6 0
2 19 13 18 20 0
7 15 10 5 11 0
14 1 3 18 20 0
8 9 5 18 16 0
12 17 1 3 14 0
14 17 15 12 7 0
19 2 5 11 20 0
11 20 4 13 5 0
17 7 15 10 6 0
2 18 11 14 9 0
14 2 9 16 17 0
2 6 3 1 19 0
19 11 18 10 2 0
14 2 19 10 9 0
13 11 6 20 8 0
17 13 16 10 7 0
17 10 2 18 6 0
15 1 7 13 19 0
9 3 20 11 16 0
2 9 17 13 19 0
7 18 6 14 2 0
2 16 8 18 5 0
1 7 3 8 2 0
3 14 6 1 8 0
1 5 15 14 3 0
7 17 1 5 14 0
10 11 20 12 4 0
7 11 1 3 12 0
19 5 11 20 4 0
18 20 5 12 14 0
20 5 10 14 3 0
6 15 7 12 4 0
17 3 7 20 9 0
18 12 11 1 8 0
11 2 6 19 17 0
16 8 1 7 4 0
11 20 6 16 5 0
19 10 1 16 13 0
1 5 4 6 11 0
7 20 8 5 18 0
5 12 4 11 20 0
2 3 17 10 8 0
1 8 17 2 5 0
14 13 1 9 16 0
18 15 16 6 20 0
15 2 11 20 17 0
3 10 16 12 5 0
5 20 13 8 18 0
5 4 3 17 12 0
5 14 18 2 9 0
3 19 9 17 12 0
11 8 9 13 18 0
16 9 1 12 5 0
12 17 9 14 13 0
15 9 2 11 12 0
6 4 9 7 13 0
3 18 13 11 9 0
3 19 9 8 17 0
8 20 12 16 1 0
15 10 5 1 6 0
12 1 3 7 9 0
2 11 3 19 15 0
5 19 18 15 8 0
17 14 16 3 7 0
17 19 11 20 16 0
11 9 13 14 1 0
16 13 1 17 15 0
3 15 10 19 13 0
19 14 12 15 7 0
7 10 12 2 8 0
8 12 19 10 3 0
14 13 3 18 6 0
3 13 10 9 5 0
17 15 14 20 12 0
8 3 18 7 2 0
19 18 3 6 16 0
7 8 1 19 10 0
19 17 4 11 6 0
6 12 10 2 18 0
15 16 9 18 12 0
7 2 13 5 19 0
7 3 16 12 10 0
3 11 13 20 1 0
9 15 3 20 6 0
16 13 4 3 20 0
4 20 7 15 8 0
7 3 19 13 17 0
6 16 7 20 9 0
13 17 9 1 11 0
3 7 2 9 15 0
14 4 17 6 7 0
8 12 2 6 20 0
1 2 5 17 7 0
20 3 7 18 11 0
14 11 5 10 18 0
2 4 17 12 9 0
3 19 20 4 17 0
3 16 17 4 20 0
13 11 8 9 10 0
11 14 13 10 6 0
2 7 19 5 10 0
15 8 10 9 7 0
2 13 15 4 20 0
11 8 15 10 1 0
2 10 1 4 20 0
14 16 12 3 1 0
6 1 11 2 3 0
17 10 12 5 8 0
13 9 2 8 4 0
16 10 18 17 11 0
12 6 3 15 17 0
8 10 20 2 5 0
2 12 7 4 20 0
8 16 15 20 5 0
8 4 11 15 14 0
20 11 16 8 18 0
5 16 17 6 7 0
12 19 10 18 3 0
1 17 10 11 9 0
13 18 17 16 20 0
11 1 20 14 8 0
2 1 17 19 13 0
4 10 3 15 9 0
12 5 3 1 4 0
20 13 8 11 1 0
4 16 8 5 3 0
4 9 19 7 1 0
2 7 4 18 9 0
8 18 12 13 11 0
12 6 11 18 13 0
12 13 8 11 17 0
15 7 12 19 16 0
2 17 6 14 10 0
12 17 7 3 16 0
9 5 8 14 7 0
19 3 2 15 18 0
4 13 3 7 10 0
20 19 15 13 1 0
6 1 7 9 17 0
15 11 13 4 7 0
12 9 14 2 4 0
4 15 10 2 18 0
13 6 12 11 8 0
1 10 18 15 14 0
18 12 15 5 20 0
3 19 2 7 14 0
9 18 15 14 11 0
18 17 5 7 10 0
15 12 6 2 7 0
4 20 1 9 17 0
13 3 4 6 17 0
14 2 11 7 4 0
20 15 9 7 5 0
3 18 19 20 11 0
13 6 14 12 19 0
15 20 3 17 13 0
6 14 8 11 18 0
4 16 11 7 14 0
14 6 9 4 5 0
8 1 3 12 15 0
13 17 18 3 11 0
10 5 20 2 11 0
5 9 13 2 4 0
9 4 2 18 20 0
2 3 6 11 16 0
1 18 19 15 2 0
7 5 10 14 1 0
1 7 11 5 4 0
19 2 4 17 11 0
15 19 14 9 16 0
4 16 13 14 11 0
14 13 7 10 2 0
20 11 2 18 1 0
18 4 16 5 11 0
10 20 8 14 18 0
5 15 13 20 10 0
9 12 16 11 6 0
8 17 15 9 5 0
2 5 18 11 20 0
5 7 4 16 15 0
7 1 12 4 15 0
16 3 17 4 15 0
12 14 20 19 2 0
6 19 1 3 12 0
5 20 2 16 4 0
8 12 11 15 7 0
17 14 7 8 4 0
19 2 5 13 16 0
11 6 2 1 7 0
4 12 3 15 13 0
19 10 13 1 16 0
17 4 14 20 19 0
12 11 20 10 15 0
4 14 11 20 18 0
7 17 20 13 10 0
10 2 14 19 12 0
6 3 16 12 19 0
7 2 9 14 11 0
4 17 5 6 3 0
16 9 8 5 7 0
5 16 19 6 12 0
19 16 6 2 14 0
8 17 18 16 19 0
4 11 9 19 20 0
5 4 2 12 9 0
8 2 13 4 12 0
18 1 4 8 16 0
9 10 1 8 18 0
17 5 13 7 15 0
17 9 15 8 20 0
11 1 3 14 10 0
11 8 14 6 19 0
4 6 2 11 13 0
2 12 14 1 10 0
2 17 8 11 10 0
9 6 5 16 17 0
7 17 11 12 18 0
1 19 3 6 18 0
6 3 11 9 16 0
5 20 1 9 2 0
2 3 10 4 12 0
18 9 8 5 17 0
14 13 8 18 2 0
20 16 5 18 10 0
20 8 18 15 12 0
10 15 8 18 9 0
1 20 10 5 4 0
19 5 11 3 14 0
17 8 13 14 9 0
12 1 13 9 6 0
3 1 5 12 7 0
8 13 2 15 11 0
2 8 11 12 5 0
9 8 3 13 16 0
10 5 9 19 17 0
9 3 17 6 10 0
1 4 17 13 3 0
18 11 17 20 14 0
13 8 12 2 6 0
7 12 10 15 2 0
18 16 15 1 13 0
11 3 13 6 5 0
2 6 20 11 16 0
8 10 1 20 9 0
6 12 11 10 14 0
12 5 15 10 4 0
4 14 6 9 3 0
17 14 8 2 1 0
9 14 12 18 19 0
15 20 9 5 13 0
1 9 19 2 20 0
20 17 15 14 2 0
1 11 5 2 14 0
18 1 7 2 10 0
19 16 9 20 13 0
12 8 11 13 19 0
3 9 14 8 2 0
6 18 19 15 12 0
11 12 18 2 4 0
18 3 14 8 2 0
7 18 17 2 8 0
19 2 13 6 4 0
10 16 2 15 13 0
17 13 16 14 11 0
3 8 4 6 18 0
1 15 4 19 3 0
20 12 10 11 14 0
2 8 9 3 15 0
10 17 4 14 6 0
9 1 19 14 11 0
14 2 7 8 19 0
4 8 13 7 18 0
15 6 10 17 8 0
15 10 8 3 13 0
2 4 1 18 9 0
6 9 17 19 11 0
2 12 17 9 10 0
20 16 14 6 1 0
4 15 17 3 9 0
18 10 11 12 14 0
3 1 2 8 6 0
2 16 4 17 8 0
13 5 17 12 11 0
10 6 11 5 12 0
19 7 20 16 9 0
2 18 12 15 20 0
12 8 19 9 1 0
15 4 11 3 16 0
8 12 20 14 1 0
9 16 17 20 14 0
3 19 1 20 18 0
14 6 9 17 5 0
20 5 14 1 16 0
3 8 15 6 19 0
6 19 14 15 13 0
7 9 3 20 4 0
2 9 17 19 18 0
6 3 17 10 7 0
2 19 9 17 6 0
4 2 16 1 14 0
15 14 20 19 13 0
20 2 12 3 15 0
12 14 9 17 16 0
17 18 15 10 12 0
13 19 8 10 2 0
1 5 14 10 8 0
7 1 19 11 20 0
12 14 15 6 5 0
6 11 14 7 3 0
13 4 14 17 18 0
7 14 20 6 3 0
20 12 15 18 14 0
6 9 7 20 4 0
17 9 10 15 2 0
13 7 17 18 3 0
10 11 12 16 4 0
5 8 9 19 7 0
13 4 6 18 5 0
18 9 8 6 5 0
8 16 19 1 20 0
17 10 11 19 2 0
7 14 6 3 16 0
12 7 20 15 4 0
18 10 20 7 19 0
12 15 6 19 5 0
19 18 2 8 7 0
4 18 5 6 19 0
3 9 13 11 20 0
11 10 6 7 15 0
6 5 4 9 11 0
2 7 15 20 17 0
8 7 15 12 4 0
11 9 20 3 13 0
13 12 15 3 17 0
1 4 18 20 6 0
10 14 4 16 13 0
12 16 11 6 19 0
15 17 19 6 1 0
5 2 6 16 8 0
8 5 20 17 19 0
10 14 20 3 7 0
16 1 2 18 19 0
12 15 10 17 3 0
3 14 4 8 9 0
12 7 13 11 6 0
12 8 15 10 17 0
20 9 11 16 18 0
10 9 16 20 13 0
7 14 2 16 8 0
4 1 12 3 9 0
15 9 14 17 7 0
5 16 13 7 4 0
12 7 15 1 14 0
12 2 3 7 1 0
7 6 8 13 4 0
13 16 6 2 7 0
6 11 5 3 17 0
9 10 20 7 16 0
12 1 19 13 15 0
18 5 1 3 2 0
8 7 15 3 11 0
2 1 3 16 19 0
1 6 3 11 12 0
10 9 7 2 1 0
6 15 3 17 4 0
15 10 9 17 12 0
9 19 11 4 1 0
5 14 11 19 6 0
13 20 4 14 1 0
19 15 1 3 5 0
7 17 6 8 13 0
9 16 4 7 15 0
6 10 7 11 16 0
10 1 13 2 20 0
16 15 20 9 5 0
6 3 18 2 5 0
14 19 12 8 5 0
11 16 4 1 13 0
2 3 14 13 10 0
20 12 18 4 9 0
13 1 7 10 14 0
3 13 6 12 16 0
18 17 1 9 12 0
16 1 14 8 13 0
7 18 4 15 19 0
20 13 8 5 7 0
3 9 12 15 20 0
7 5 9 19 13 0
12 14 13 6 7 0
13 5 10 20 2 0
17 7 20 15 18 0
4 3 2 10 5 0
11 13 2 20 15 0
10 18 19 2 4 0
4 19 8 2 11 0
5 6 13 4 19 0
1 10 19 15 2 0
9 1 4 5 3 0
16 7 2 18 17 0
1 11 20 16 9 0
7 17 11 2 15 0
15 20 16 10 2 0
15 4 10 7 1 0
14 2 8 1 3 0
5 17 15 8 10 0
15 14 18 17 11 0
12 3 11 19 18 0
12 20 4 15 1 0
2 13 7 14 8 0
2 7 3 18 15 0
9 5 2 11 19 0
7 8 3 19 20 0
17 1 10 7 12 0
9 2 19 4 11 0
8 9 15 2 12 0
1 18 16 2 20 0
6 9 7 14 3 0
17 5 20 9 14 0
6 13 14 7 11 0
14 2 13 1 3 0
2 8 4 16 15 0
9 5 2 4 8 0
10 3 13 5 11 0
17 4 20 2 1 0
4 15 19 6 20 0
1 18 15 11 20 0
10 19 15 5 12 0
18 20 15 5 2 0
9 17 6 20 5 0
1 11 18 13 14 0
4 11 19 3 8 0
16 17 19 15 7 0
9 1 3 7 12 0
20 6 19 17 7 0
7 5 4 6 2 0
