40 120
9 39 16 14 29 0
5 29 30 36 10 0
15 39 7 18 12 0
27 13 18 7 25 0
27 33 2 19 24 0
17 33 5 9 19 0
5 39 26 18 27 0
31 38 16 26 7 0
30 16 13 39 27 0
31 3 36 38 15 0
20 16 39 13 27 0
14 21 19 18 29 0
30 22 27 7 39 0
14 37 36 29 34 0
11 29 38 1 7 0
21 36 2 10 13 0
25 1 18 11 14 0
38 22 32 19 11 0
5 9 36 10 6 0
23 39 11 17 1 0
32 6 33 38 26 0
28 32 35 30 36 0
12 30 5 14 35 0
35 18 13 37 23 0
17 6 18 27 3 0
40 17 13 8 9 0
4 14 1 34 31 0
29 25 26 10 12 0
29 39 17 2 33 0
11 37 23 25 31 0
30 2 9 32 33 0
17 37 1 40 6 0
18 33 36 38 9 0
13 7 21 33 37 0
29 35 21 39 23 0
31 13 7 15 35 0
37 8 36 20 1 0
12 16 33 29 30 0
38 40 17 27 1 0
22 25 21 14 9 0
40 1 39 22 24 0
3 29 30 17 38 0
24 36 30 28 4 0
14 8 11 35 5 0
10 11 23 32 7 0
22 38 19 37 12 0
19 34 14 39 24 0
35 15 13 18 2 0
34 5 39 12 15 0
33 8 17 3 22 0
18 27 28 40 16 0
6 13 12 17 25 0
22 2 30 20 25 0
24 34 29 28 22 0
30 32 20 34 39 0
12 1 15 7 32 0
25 2 23 40 28 0
11 8 12 33 9 0
33 4 26 9 30 0
14 2 17 28 31 0
9 39 16 14 29 0
5 29 30 36 10 0
15 39 7 18 12 0
27 13 18 7 25 0
27 33 2 19 24 0
17 33 5 9 19 0
5 39 26 18 27 0
31 38 16 26 7 0
30 16 13 39 27 0
31 3 36 38 15 0
20 16 39 13 27 0
14 21 19 18 29 0
30 22 27 7 39 0
14 37 36 29 34 0
11 29 38 1 7 0
21 36 2 10 13 0
25 1 18 11 14 0
38 22 32 19 11 0
5 9 36 10 6 0
23 39 11 17 1 0
32 6 33 38 26 0
28 32 35 30 36 0
12 30 5 14 35 0
35 18 13 37 23 0
17 6 18 27 3 0
40 17 13 8 9 0
4 14 1 34 31 0
29 25 26 10 12 0
29 39 17 2 33 0
11 37 23 25 31 0
30 2 9 32 33 0
17 37 1 40 6 0
18 33 36 38 9 0
13 7 21 33 37 0
29 35 21 39 23 0
31 13 7 15 35 0
37 8 36 20 1 0
12 16 33 29 30 0
38 40 17 27 1 0
22 25 21 14 9 0
40 1 39 22 24 0
3 29 30 17 38 0
24 36 30 28 4 0
14 8 11 35 5 0
10 11 23 32 7 0
22 38 19 37 12 0
19 34 14 39 24 0
35 15 13 18 2 0
34 5 39 12 15 0
33 8 17 3 22 0
18 27 28 40 16 0
6 13 12 17 25 0
22 2 30 20 25 0
24 34 29 28 22 0
30 32 20 34 39 0
12 1 15 7 32 0
25 2 23 40 28 0
11 8 12 33 9 0
33 4 26 9 30 0
14 2 17 28 31 0
