20 300
1 14 8 16 11 2 9 15 3 17 0
6 9 16 3 5 13 20 17 2 14 0
14 11 1 10 15 18 6 5 4 19 0
8 10 15 13 19 4 1 18 6 3 0
2 11 15 18 12 5 3 4 6 10 0
15 1 2 12 7 5 10 14 4 18 0
5 19 18 15 16 4 9 6 3 7 0
17 7 9 13 1 4 11 5 16 3 0
5 10 9 1 8 19 7 20 15 17 0
2 13 20 14 18 9 8 7 6 12 0
5 12 20 10 6 4 11 15 16 18 0
11 15 10 13 6 9 19 3 4 7 0
2 9 4 1 17 11 19 14 15 5 0
14 5 3 9 15 17 19 11 20 4 0
8 13 18 10 16 5 11 4 2 6 0
17 5 3 10 9 15 13 6 19 11 0
16 17 11 10 13 15 19 2 14 1 0
18 14 4 10 5 7 12 9 1 2 0
3 9 8 14 12 15 2 17 11 16 0
14 12 1 17 2 9 20 6 4 13 0
17 7 18 10 3 4 13 5 19 6 0
9 19 13 8 11 5 16 17 1 20 0
14 13 16 10 12 20 6 17 4 11 0
7 9 19 5 6 14 11 18 2 13 0
10 9 6 2 17 12 1 3 7 16 0
6 7 13 16 5 2 3 20 9 8 0
1 18 13 2 11 14 19 15 20 16 0
13 2 1 17 18 7 14 3 20 19 0
13 16 2 4 1 5 18 9 7 17 0
16 8 9 17 19 6 12 10 20 14 0
15 2 17 3 12 7 18 1 16 11 0
15 19 18 2 6 17 11 7 20 16 0
9 11 16 2 17 10 19 14 6 7 0
6 2 1 16 19 13 9 18 7 5 0
6 3 20 13 8 2 16 1 14 17 0
16 20 1 13 8 7 4 18 14 10 0
18 13 10 4 17 15 12 9 1 6 0
5 20 1 4 17 13 11 3 18 2 0
12 10 1 8 16 2 3 9 11 18 0
14 17 3 5 7 19 8 20 12 16 0
18 14 10 2 3 16 1 13 15 8 0
15 1 16 9 17 12 8 2 13 4 0
9 5 15 18 7 6 13 17 19 14 0
12 9 4 18 19 3 5 11 7 2 0
20 14 4 9 3 1 19 6 15 11 0
7 5 15 10 14 4 18 3 6 9 0
20 14 15 9 3 18 1 6 11 19 0
6 16 13 7 8 20 9 14 4 15 0
15 17 19 10 7 13 16 1 14 6 0
8 9 6 10 18 7 4 12 15 20 0
1 15 19 10 20 14 16 2 4 11 0
20 12 5 17 11 3 13 2 8 19 0
10 12 3 4 19 2 17 6 5 13 0
19 18 7 14 4 17 9 20 6 12 0
4 8 5 15 14 6 10 17 9 2 0
12 3 6 16 15 14 9 11 4 2 0
6 3 17 10 11 8 7 9 19 16 0
10 8 14 18 15 9 20 17 2 13 0
19 12 16 7 6 13 1 14 15 10 0
16 3 17 6 11 4 7 5 12 14 0
2 20 8 1 16 14 7 6 13 11 0
13 16 20 3 12 2 11 17 4 1 0
12 19 8 20 2 14 1 9 15 7 0
15 20 7 2 12 11 10 13 1 4 0
15 17 7 8 20 11 6 10 2 1 0
13 15 14 10 7 1 11 5 2 4 0
4 20 16 7 6 12 13 3 8 11 0
9 17 18 1 10 13 15 5 14 7 0
3 6 18 19 12 11 5 15 7 16 0
2 13 10 14 7 17 4 16 5 8 0
3 14 12 7 9 16 10 17 20 1 0
19 4 7 5 20 9 13 18 14 15 0
12 18 14 6 5 4 7 10 1 15 0
6 20 15 4 2 10 8 18 16 1 0
17 1 7 8 18 20 5 4 12 6 0
14 7 20 19 18 15 13 16 5 10 0
17 12 8 18 2 15 11 9 4 1 0
1 5 16 12 8 3 17 11 19 10 0
4 3 17 8 12 13 11 5 2 18 0
15 13 10 11 9 1 18 17 19 4 0
9 1 14 5 15 2 4 19 7 6 0
13 12 8 17 9 14 10 4 18 2 0
2 12 15 7 8 9 14 18 5 20 0
4 15 1 18 16 2 13 5 12 6 0
16 1 9 2 13 3 20 4 19 12 0
9 10 4 6 5 1 16 17 3 8 0
19 14 20 2 13 4 18 6 16 9 0
11 2 17 1 14 3 18 5 6 13 0
17 13 12 10 4 5 15 18 20 3 0
16 7 13 4 17 14 12 9 10 5 0
18 4 7 17 3 19 2 16 15 6 0
7 17 10 3 11 19 15 2 1 20 0
5 13 8 18 4 17 20 14 15 6 0
12 11 2 14 3 9 8 1 7 4 0
10 6 8 16 19 20 5 18 17 9 0
6 14 4 5 3 19 11 8 10 2 0
2 3 15 16 12 10 18 5 11 4 0
6 14 16 10 11 12 18 8 17 1 0
1 14 3 11 4 20 17 15 19 18 0
13 15 7 2 11 18 4 3 17 14 0
13 20 5 2 19 3 6 17 11 18 0
14 16 1 5 13 11 6 8 19 18 0
12 15 9 8 16 7 13 10 18 19 0
20 11 9 13 15 12 5 1 2 10 0
13 2 10 4 12 19 7 18 6 15 0
3 8 5 14 19 6 7 9 11 1 0
2 12 6 3 1 9 7 18 13 15 0
11 13 18 19 17 3 9 2 15 12 0
5 13 15 6 10 20 18 17 9 11 0
19 1 9 13 4 2 14 10 5 3 0
5 16 7 9 20 19 13 14 3 10 0
11 5 9 8 14 2 15 7 3 4 0
11 6 17 13 19 18 9 20 7 3 0
7 13 8 12 1 20 14 19 18 16 0
14 9 13 2 11 3 17 8 1 5 0
9 6 7 12 5 11 10 3 2 15 0
2 16 5 12 11 18 6 8 20 4 0
16 19 17 4 2 14 8 18 5 10 0
9 7 11 3 20 6 17 14 4 1 0
1 8 20 16 3 19 12 6 9 17 0
17 9 20 11 1 5 10 3 19 2 0
17 12 11 2 1 9 7 20 6 8 0
20 9 16 1 8 7 4 15 18 3 0
20 7 12 8 16 17 18 9 19 1 0
8 18 12 13 15 11 7 1 2 14 0
6 11 9 2 1 17 10 19 12 8 0
4 10 17 16 2 7 11 14 9 12 0
1 10 17 3 11 7 20 13 2 14 0
11 9 19 10 7 2 14 17 5 4 0
14 11 15 6 12 4 8 2 20 5 0
15 9 6 7 2 8 16 17 20 1 0
2 20 16 7 10 3 12 18 11 13 0
2 7 8 10 5 14 4 12 1 18 0
5 10 19 2 16 11 15 7 1 17 0
1 4 18 14 12 20 7 5 6 10 0
19 9 14 12 6 3 10 7 17 8 0
9 14 20 12 11 17 18 8 16 13 0
1 3 15 11 4 8 2 9 10 14 0
9 5 12 10 13 17 2 8 4 11 0
9 14 15 20 12 16 13 18 1 11 0
15 5 14 4 18 3 12 11 16 19 0
15 20 14 9 16 17 2 10 6 11 0
17 1 18 20 15 12 5 19 4 6 0
13 7 16 8 17 10 18 15 19 12 0
5 9 20 6 16 1 7 19 17 15 0
7 3 20 19 1 15 18 17 5 6 0
19 16 12 14 3 10 6 13 11 20 0
18 6 12 5 13 4 3 10 19 8 0
18 15 9 3 20 12 5 13 17 10 0
4 10 3 6 1 14 5 11 2 20 0
7 14 4 1 15 19 8 13 3 16 0
7 5 12 16 8 14 10 6 15 18 0
16 18 20 10 17 15 12 19 9 4 0
2 8 16 14 10 9 1 13 4 20 0
6 13 11 20 3 7 17 14 8 12 0
2 17 13 11 15 1 6 16 9 10 0
10 9 6 1 2 7 5 13 18 4 0
7 16 12 1 15 5 4 19 9 2 0
9 11 18 13 15 14 1 12 3 10 0
15 1 17 19 13 11 8 18 7 4 0
16 13 4 14 12 5 1 17 8 19 0
2 14 8 5 15 12 3 11 10 13 0
4 3 10 18 2 13 7 16 5 11 0
8 5 19 15 13 1 6 17 16 20 0
10 3 1 17 16 19 18 5 8 7 0
18 20 12 17 7 16 19 14 1 2 0
13 7 9 8 10 2 1 6 17 16 0
18 13 15 16 3 6 7 19 12 2 0
17 5 6 14 4 7 9 16 18 15 0
12 18 4 13 1 14 16 10 7 2 0
6 9 7 12 18 3 15 11 14 20 0
9 20 15 4 6 19 16 11 10 7 0
20 15 7 5 4 12 19 18 2 1 0
7 6 20 5 8 1 11 16 19 2 0
16 19 20 5 17 15 18 1 10 2 0
8 10 20 13 1 6 17 4 3 11 0
13 9 16 2 19 7 15 4 17 11 0
7 8 16 13 5 10 18 17 4 19 0
9 15 6 10 4 5 1 19 11 8 0
14 6 4 9 10 1 5 8 7 20 0
16 4 8 12 11 19 20 5 1 2 0
8 17 2 6 9 12 5 13 18 14 0
14 7 20 8 4 6 19 10 12 5 0
12 5 14 15 10 18 20 3 9 2 0
9 2 8 6 7 17 4 5 10 19 0
14 11 18 3 2 4 1 7 8 5 0
12 2 6 1 13 20 15 3 16 10 0
9 4 13 6 11 15 7 10 18 8 0
10 5 7 4 6 11 12 2 1 9 0
2 15 6 14 17 20 8 9 19 3 0
4 7 12 8 5 16 15 14 9 19 0
14 15 6 12 20 11 8 1 7 19 0
13 19 18 15 2 5 7 10 1 14 0
6 16 19 14 4 12 7 17 20 5 0
1 7 4 8 19 3 9 15 6 12 0
6 10 19 13 18 2 11 17 1 7 0
18 20 11 17 5 4 7 10 9 19 0
10 9 13 14 15 3 19 2 17 8 0
12 14 9 10 3 8 20 19 17 16 0
15 6 16 11 9 4 1 10 12 2 0
17 20 4 9 18 11 10 7 13 12 0
18 3 14 17 4 2 8 19 13 11 0
7 8 11 16 10 5 3 17 14 19 0
11 2 16 15 20 13 4 5 12 19 0
14 11 8 13 18 5 1 10 7 3 0
1 13 11 19 3 4 12 10 18 2 0
19 9 13 2 16 4 7 18 11 20 0
15 7 20 18 1 19 16 3 11 8 0
5 1 2 20 13 11 17 15 19 3 0
6 10 13 7 9 12 14 15 11 5 0
4 11 20 5 14 7 2 15 9 1 0
19 10 13 5 20 18 11 2 3 12 0
20 15 19 8 6 4 14 18 10 3 0
17 7 9 3 8 15 11 20 13 2 0
9 17 18 8 14 1 2 12 3 5 0
1 20 5 10 2 19 6 8 7 9 0
7 1 11 18 5 4 2 14 6 15 0
14 7 3 5 18 6 10 11 19 1 0
7 8 2 6 14 1 4 17 16 20 0
3 2 13 8 9 6 7 12 11 1 0
11 9 2 17 16 15 14 1 18 6 0
14 2 10 6 13 4 8 17 12 18 0
10 3 2 12 14 13 20 7 9 8 0
2 3 20 17 12 6 10 7 11 15 0
1 7 18 8 15 10 2 9 3 16 0
20 16 8 12 3 9 11 4 10 14 0
15 13 10 4 11 3 19 9 8 12 0
2 3 14 17 10 4 5 7 19 20 0
3 14 9 8 18 11 2 15 17 10 0
9 8 3 2 12 17 13 6 16 10 0
8 5 9 2 10 7 11 3 6 13 0
13 14 1 20 9 16 12 7 19 2 0
7 19 11 6 15 20 5 9 2 1 0
17 12 13 9 20 8 1 11 19 7 0
11 2 13 10 4 16 14 20 12 9 0
3 12 11 17 8 13 19 1 10 14 0
12 1 13 19 3 5 4 8 14 20 0
1 3 19 12 13 4 5 15 20 17 0
5 10 16 2 20 1 4 12 17 11 0
12 11 1 16 5 14 2 8 6 13 0
17 20 12 13 4 14 6 15 11 1 0
2 17 9 4 1 19 16 18 11 13 0
7 13 16 20 9 8 5 2 3 15 0
16 12 10 2 5 3 9 6 18 8 0
11 5 19 4 12 10 8 3 9 18 0
16 8 7 3 9 17 10 20 14 12 0
6 17 14 2 7 4 5 18 13 12 0
15 14 18 4 11 5 2 6 9 8 0
13 10 11 18 16 20 4 19 14 5 0
17 14 20 12 3 8 10 5 1 11 0
19 16 20 18 8 9 1 6 7 4 0
2 9 16 19 6 18 3 12 14 10 0
8 3 6 20 14 4 5 15 2 1 0
12 2 19 8 4 15 5 3 11 17 0
14 18 19 2 12 4 13 17 8 20 0
13 7 17 18 10 14 20 9 15 16 0
7 8 12 1 10 16 17 3 5 15 0
16 19 9 13 18 20 17 2 6 14 0
19 8 3 1 2 16 5 7 14 9 0
11 13 18 6 1 8 5 17 3 14 0
16 2 17 15 10 11 18 13 20 7 0
14 4 7 5 20 2 11 1 9 17 0
6 4 14 20 10 1 2 18 15 7 0
17 13 8 10 4 18 19 6 14 12 0
17 7 14 8 2 11 3 5 6 20 0
2 6 19 4 7 13 10 20 16 11 0
10 20 9 17 18 8 16 4 11 6 0
19 16 8 10 17 5 20 7 18 6 0
11 9 7 2 3 20 16 10 19 6 0
17 9 14 16 11 2 13 10 4 1 0
3 11 18 5 6 20 19 17 7 9 0
13 18 19 10 6 15 1 9 17 5 0
19 17 1 7 6 14 11 18 16 13 0
16 20 3 17 14 18 1 7 2 15 0
15 10 12 5 6 3 17 2 13 8 0
3 8 19 11 2 4 14 6 13 20 0
17 19 13 11 14 10 1 5 16 7 0
14 1 20 2 16 5 19 9 7 11 0
20 3 2 4 5 7 17 11 16 19 0
7 17 3 20 10 12 1 19 13 18 0
14 12 4 20 11 2 7 18 13 8 0
9 20 15 5 3 6 4 18 12 16 0
16 8 5 9 12 18 4 3 17 14 0
10 4 19 20 17 1 7 13 14 18 0
19 14 8 3 5 18 13 16 17 2 0
10 6 11 15 7 14 13 5 17 3 0
19 7 12 9 11 16 14 1 20 17 0
14 3 11 1 4 6 15 9 10 5 0
14 7 19 4 5 10 12 8 1 15 0
3 14 15 6 5 1 16 9 8 10 0
12 8 10 7 13 4 16 3 20 1 0
1 18 4 5 20 7 12 6 10 11 0
5 3 19 13 2 8 16 9 10 14 0
5 18 8 14 13 4 11 7 12 10 0
16 9 1 12 4 11 5 18 6 19 0
14 19 4 11 6 20 5 8 10 13 0
17 9 13 7 16 1 4 3 18 14 0
6 17 7 4 12 9 1 11 20 5 0
15 3 4 8 9 5 17 13 11 19 0
1 17 13 14 6 2 4 12 3 11 0
