30 1000
23 7 15 3 16 13 2 19 17 21 27 6 14 5 10 0
6 27 15 8 2 28 21 20 13 30 23 19 9 24 11 0
7 1 5 14 6 2 28 23 18 11 12 15 13 21 3 0
19 20 4 8 10 23 2 15 1 30 3 22 13 18 5 0
7 16 27 13 25 10 20 30 15 9 11 18 2 28 14 0
16 20 15 8 22 14 21 29 18 9 26 24 28 10 13 0
19 25 10 2 3 21 11 13 29 16 20 18 22 27 14 0
18 17 30 3 9 27 12 21 2 1 7 26 10 8 20 0
30 19 21 24 1 20 12 29 22 10 16 27 8 15 3 0
10 20 4 2 27 21 12 26 3 14 23 19 6 18 11 0
18 24 12 27 7 19 23 6 25 13 14 28 22 9 15 0
21 22 7 9 20 10 28 29 4 30 16 27 3 18 13 0
5 13 30 28 12 3 16 20 17 7 4 15 25 26 23 0
10 3 2 1 22 15 5 13 4 25 6 18 16 9 7 0
15 23 24 2 27 13 19 16 29 30 8 1 17 3 9 0
28 13 12 30 29 17 9 5 1 23 20 22 24 16 27 0
12 2 25 3 1 26 11 29 24 7 13 15 19 14 27 0
13 10 27 21 6 18 25 1 3 26 12 15 8 19 5 0
27 4 17 11 14 21 16 25 29 15 1 8 9 24 19 0
27 3 14 18 15 2 24 22 12 19 8 6 17 16 28 0
7 2 30 23 18 20 10 28 25 27 24 21 13 3 5 0
14 26 18 17 5 28 10 11 3 30 1 29 23 21 8 0
8 15 26 27 2 20 14 10 19 28 7 16 25 18 5 0
9 30 25 19 12 24 26 11 14 3 18 4 28 23 17 0
30 8 16 18 15 11 6 22 7 14 13 23 2 24 19 0
11 26 2 30 24 9 5 19 6 7 1 23 3 8 20 0
7 10 17 28 9 30 3 1 23 18 29 26 20 25 14 0
13 3 10 23 9 16 4 1 30 6 29 17 26 25 28 0
1 10 7 9 4 5 30 24 29 28 14 21 16 20 13 0
15 10 29 13 24 8 18 19 27 11 20 3 23 30 14 0
23 14 18 21 29 11 22 5 26 7 16 8 28 3 27 0
22 2 7 28 17 21 23 5 20 19 14 25 26 13 12 0
25 22 2 20 12 27 8 3 28 14 4 18 30 16 10 0
27 20 23 16 8 28 10 24 21 29 18 6 12 19 11 0
23 30 29 1 2 27 14 6 4 15 24 7 9 26 10 0
20 19 3 29 2 1 9 7 10 17 12 13 11 18 4 0
23 2 18 16 25 24 10 11 3 29 22 27 20 28 21 0
28 17 29 2 21 15 12 25 10 13 5 27 8 14 4 0
1 23 24 14 19 13 28 8 10 5 9 6 15 4 7 0
14 4 7 27 8 1 17 28 26 10 20 19 23 24 13 0
7 25 22 12 13 9 14 10 29 19 8 28 3 4 11 0
26 22 30 21 1 19 15 18 24 25 11 28 23 2 6 0
28 30 7 6 29 18 5 26 12 8 16 10 9 27 22 0
24 30 2 4 27 16 28 25 14 1 11 17 18 12 21 0
15 2 7 24 17 5 14 4 12 1 25 18 28 13 3 0
17 7 8 5 30 19 22 26 25 10 28 27 2 3 21 0
14 27 7 30 21 15 9 10 28 11 18 26 19 22 25 0
29 5 4 16 30 3 17 10 6 23 12 8 20 2 13 0
8 30 4 20 15 12 29 16 25 23 19 13 18 2 26 0
29 1 7 22 14 21 17 26 5 25 8 2 23 27 24 0
12 13 28 27 9 1 6 10 18 4 17 15 23 7 24 0
18 4 14 11 28 1 16 20 29 9 21 26 27 2 8 0
6 27 9 14 13 24 19 17 15 22 30 25 16 1 5 0
29 13 25 17 9 23 4 10 30 1 6 8 14 18 19 0
28 9 4 12 30 14 8 29 23 17 27 21 5 15 7 0
24 18 28 25 15 6 8 20 27 14 29 22 17 5 12 0
11 3 9 2 7 16 27 18 15 12 5 6 29 24 10 0
19 15 26 8 11 1 27 5 28 9 7 22 30 17 16 0
4 22 27 1 3 30 2 23 20 7 19 17 16 13 9 0
16 19 30 11 27 2 18 12 28 1 8 3 22 29 15 0
23 10 21 12 29 6 3 1 14 30 24 18 11 26 28 0
23 5 22 15 3 14 29 21 11 24 1 10 16 6 12 0
16 18 25 7 23 10 24 13 20 14 9 22 12 19 8 0
21 30 6 13 28 18 7 9 12 29 10 19 4 27 3 0
27 9 19 10 29 2 18 12 5 30 6 17 24 23 22 0
27 7 17 2 3 30 1 28 26 9 16 5 29 22 11 0
22 24 2 12 14 10 8 30 20 23 7 11 5 26 17 0
22 27 20 13 9 8 24 5 26 2 18 28 23 11 21 0
5 26 6 4 25 9 2 28 27 14 18 15 30 3 29 0
26 4 16 28 13 5 12 24 8 20 21 14 23 10 1 0
7 4 19 20 22 3 13 5 9 12 26 27 11 16 15 0
10 8 14 9 21 7 25 20 18 23 24 19 22 17 28 0
11 24 7 26 20 22 2 21 16 30 29 6 1 27 15 0
21 4 8 3 23 2 26 28 14 17 6 11 20 29 27 0
18 24 8 10 26 29 30 11 20 21 9 22 23 4 13 0
23 6 27 16 30 2 22 21 20 28 8 9 26 1 25 0
15 13 2 4 21 6 19 8 28 24 26 5 9 12 10 0
25 6 30 29 11 22 3 9 27 23 12 21 18 24 15 0
21 18 1 17 23 9 20 14 15 19 10 29 22 28 16 0
2 19 5 24 22 25 4 16 13 17 6 28 7 20 23 0
16 20 4 3 29 17 18 7 28 19 27 11 26 12 5 0
30 28 27 16 1 4 29 17 9 26 15 2 7 3 12 0
24 12 21 22 9 10 19 11 26 14 15 1 6 4 30 0
6 26 24 12 17 2 29 20 5 22 1 25 15 19 28 0
2 24 12 29 15 20 10 3 30 21 25 6 8 18 9 0
25 19 8 6 24 21 10 26 28 5 2 16 3 1 30 0
11 30 20 25 10 19 7 9 6 16 24 23 13 27 15 0
23 1 8 18 2 4 6 14 5 25 3 29 26 9 12 0
14 18 7 30 2 28 8 6 25 20 19 1 29 12 26 0
4 9 1 28 3 21 23 6 30 17 18 13 26 16 27 0
13 12 25 7 21 22 17 15 3 5 2 8 27 11 30 0
14 10 11 9 1 20 13 26 5 17 15 18 16 22 2 0
24 16 28 1 17 5 3 6 7 10 20 21 11 15 30 0
12 3 24 28 22 6 19 18 11 25 5 23 2 29 14 0
10 23 25 29 26 12 22 16 2 15 6 17 30 3 18 0
2 11 5 16 7 27 9 8 22 6 30 14 20 17 1 0
18 24 25 2 9 30 10 15 23 27 8 1 20 26 14 0
25 17 20 7 24 29 11 19 23 13 22 18 15 1 8 0
20 24 8 17 9 1 6 4 14 22 21 25 19 18 29 0
5 2 3 23 15 24 30 25 18 29 6 11 22 10 21 0
16 27 3 10 26 21 20 29 24 22 12 8 7 5 2 0
28 21 11 18 26 13 1 22 29 24 5 19 23 2 3 0
21 30 2 16 23 11 15 8 18 20 26 5 6 22 10 0
15 2 29 7 25 19 8 13 22 4 20 23 11 12 18 0
6 17 29 27 14 9 3 15 13 30 18 5 2 23 11 0
8 4 17 11 13 14 19 3 2 12 27 9 10 6 18 0
6 22 18 4 30 23 21 26 5 28 15 10 14 8 19 0
19 18 21 12 29 10 20 30 15 9 3 11 5 28 7 0
19 15 5 26 12 24 17 23 6 11 18 27 4 3 14 0
27 5 28 29 15 25 14 3 18 30 1 7 13 16 20 0
30 4 15 9 7 26 12 5 2 22 20 16 29 1 18 0
23 25 24 20 14 28 27 1 10 29 15 2 6 3 9 0
12 20 22 1 8 21 3 29 27 17 16 28 11 26 13 0
9 28 15 10 27 23 2 8 30 29 5 11 4 1 13 0
17 9 4 2 6 16 10 14 27 5 1 7 3 29 28 0
2 28 20 3 18 17 7 21 30 25 29 6 11 24 4 0
17 24 1 20 30 6 25 4 21 26 3 29 11 27 23 0
22 18 20 7 10 15 4 25 27 5 11 12 3 6 28 0
23 21 22 13 24 2 10 16 15 19 25 4 6 14 12 0
19 15 29 16 9 27 23 30 18 26 20 6 2 3 17 0
14 23 20 11 8 25 26 9 21 28 30 13 29 12 7 0
19 8 30 9 1 3 7 17 16 29 26 6 10 23 22 0
4 29 13 25 3 17 23 2 20 10 7 19 8 18 24 0
5 17 14 3 4 19 25 6 12 26 27 7 24 1 18 0
15 19 7 17 26 24 5 4 1 22 14 2 16 10 29 0
12 6 10 3 13 24 29 11 17 30 5 9 15 25 2 0
2 19 6 27 11 28 10 5 14 25 22 4 13 8 12 0
18 21 3 20 25 11 7 10 17 1 9 22 28 16 26 0
2 27 1 26 18 12 22 7 16 29 19 17 10 21 6 0
26 23 4 27 10 8 19 29 17 20 5 25 7 28 21 0
8 23 11 6 7 18 5 25 21 26 19 22 12 14 13 0
10 17 23 8 24 2 20 26 16 25 15 27 7 21 11 0
8 13 23 25 1 3 16 4 26 17 28 24 5 9 11 0
23 26 9 19 2 28 25 15 4 22 16 12 8 14 24 0
12 21 11 7 14 3 15 18 28 29 4 17 1 26 22 0
14 11 4 21 18 9 6 22 16 2 28 26 24 15 27 0
25 17 10 12 3 26 4 28 18 29 19 23 9 14 5 0
19 23 11 9 14 18 2 3 20 29 25 13 21 16 10 0
7 6 16 27 26 8 1 13 15 23 20 2 9 11 28 0
13 14 25 3 15 18 9 28 21 7 26 6 29 2 19 0
14 17 2 30 12 18 29 15 21 11 26 16 13 1 25 0
10 29 26 30 8 21 9 3 14 12 2 13 23 20 18 0
13 2 23 18 14 28 15 3 16 30 12 26 4 8 24 0
13 10 24 26 17 30 5 6 11 2 27 29 25 22 16 0
28 21 27 3 16 30 7 15 19 25 8 14 29 5 26 0
22 5 24 28 20 17 26 6 30 27 15 18 12 25 3 0
29 10 18 17 26 25 23 16 11 27 7 3 4 12 2 0
29 1 19 21 20 10 30 15 27 14 22 7 2 3 23 0
12 9 10 6 13 1 17 3 27 20 23 11 7 2 5 0
25 23 27 15 12 7 6 18 3 19 9 1 13 11 16 0
24 12 17 21 16 30 18 13 19 3 25 4 28 20 27 0
23 15 2 10 9 13 18 25 21 17 3 30 20 29 26 0
24 9 28 3 23 5 17 2 1 16 10 25 7 18 4 0
2 11 28 23 19 17 14 6 3 22 26 1 9 16 10 0
18 10 19 4 16 8 21 30 17 1 13 15 7 22 20 0
13 24 4 8 26 20 18 2 5 22 9 14 3 10 16 0
24 18 1 7 13 4 20 17 19 23 16 15 12 25 10 0
24 19 6 15 27 13 18 9 14 3 1 29 7 4 30 0
20 21 22 28 27 26 29 19 10 4 25 15 9 13 18 0
21 2 20 15 24 14 3 23 12 26 11 7 27 4 18 0
21 30 19 17 24 1 11 4 20 22 18 5 27 8 2 0
14 4 21 10 28 16 2 17 25 15 8 6 1 23 5 0
11 18 8 22 9 17 26 5 29 23 30 28 25 27 20 0
9 12 26 17 18 1 10 27 20 11 7 23 21 19 6 0
26 28 24 18 15 6 1 5 19 27 23 10 14 12 2 0
21 10 17 1 30 5 23 3 18 7 26 27 13 8 2 0
2 4 12 30 1 14 10 6 23 22 29 15 28 24 8 0
22 9 26 4 10 2 3 7 14 28 6 12 16 29 17 0
21 9 22 5 20 12 28 3 19 14 4 8 17 6 23 0
11 9 12 7 23 16 10 27 14 4 5 26 19 1 30 0
12 25 10 23 27 15 6 1 22 28 16 18 9 24 29 0
28 3 16 1 21 30 12 25 13 4 19 9 5 11 23 0
25 18 20 17 12 7 27 9 10 13 6 30 2 15 22 0
16 13 27 18 5 25 29 9 23 15 1 10 20 21 11 0
24 19 4 8 28 21 27 10 12 23 30 17 5 25 13 0
20 23 21 10 29 22 30 12 2 5 28 17 18 11 16 0
28 6 9 14 25 27 15 23 16 1 24 29 21 13 7 0
30 4 19 21 24 1 17 8 20 23 9 22 14 15 16 0
6 15 18 20 4 17 23 7 8 30 25 14 19 9 13 0
14 17 21 27 2 19 26 10 8 25 13 9 22 20 1 0
12 24 29 8 28 6 13 9 25 14 15 3 7 27 21 0
8 22 16 1 12 17 14 4 6 15 26 10 24 21 7 0
14 18 19 22 15 6 27 20 29 17 11 26 8 3 16 0
3 15 24 8 10 21 23 5 30 22 20 12 29 9 16 0
27 14 13 17 4 3 12 8 11 16 18 10 9 2 1 0
14 23 15 25 27 13 28 17 21 30 22 20 4 3 5 0
10 5 23 11 25 19 14 26 12 7 8 15 20 16 2 0
19 7 21 14 1 15 17 6 16 13 20 26 18 2 4 0
12 3 10 19 5 16 1 6 8 20 15 2 30 7 23 0
20 23 10 7 16 8 30 2 19 3 14 13 12 24 17 0
19 16 5 24 17 10 30 9 6 18 2 4 12 8 11 0
11 7 12 29 1 17 4 3 19 23 10 15 16 25 2 0
3 25 8 12 10 17 5 7 18 16 22 2 30 4 20 0
24 22 12 4 6 28 29 14 1 9 21 10 7 16 8 0
16 17 3 25 28 11 8 21 27 30 24 23 15 18 29 0
11 8 19 14 10 17 21 2 6 26 27 23 15 7 30 0
6 3 29 10 14 1 18 15 8 28 30 24 13 2 4 0
1 19 22 15 3 20 14 8 5 29 23 10 4 2 21 0
28 10 18 4 7 17 23 29 24 19 15 5 2 8 21 0
5 7 4 1 19 10 8 2 11 28 29 12 3 23 25 0
13 5 18 28 22 29 12 26 30 11 25 7 2 8 6 0
18 16 6 19 25 10 22 2 12 15 26 21 11 5 20 0
17 23 6 29 7 28 5 16 12 10 4 30 21 27 14 0
13 22 1 3 27 12 26 2 15 8 25 21 28 19 20 0
23 2 24 6 22 20 4 16 10 9 1 14 3 25 21 0
19 27 26 5 17 15 28 9 30 12 11 23 6 8 2 0
24 18 10 14 11 19 5 8 6 25 26 22 13 20 30 0
27 30 1 29 14 6 19 7 12 16 26 24 23 28 17 0
10 13 8 22 2 23 26 6 5 27 16 28 19 3 17 0
30 25 1 19 12 10 11 24 17 28 8 23 27 13 4 0
5 13 22 1 28 16 2 17 25 11 20 4 3 30 27 0
27 2 28 5 29 4 13 8 22 12 21 25 9 14 24 0
1 5 17 23 21 11 25 2 7 27 3 15 30 19 4 0
6 17 16 23 25 10 1 18 20 2 5 26 4 11 22 0
27 5 7 29 4 17 13 30 1 26 25 11 21 19 6 0
27 6 23 16 29 24 18 25 19 21 5 10 17 9 8 0
7 5 25 11 26 17 27 13 15 22 24 2 6 29 10 0
13 22 19 7 10 1 4 12 9 11 8 27 17 26 14 0
13 8 20 26 23 17 28 3 14 25 15 29 5 10 12 0
23 9 11 12 25 28 29 6 20 22 14 10 15 13 4 0
25 13 8 19 24 22 27 26 3 21 5 2 16 18 10 0
27 17 12 13 7 20 29 25 2 15 9 3 22 1 19 0
24 22 30 14 8 4 23 10 25 27 6 3 18 21 2 0
23 11 15 9 20 17 22 29 6 19 1 8 27 13 4 0
21 22 24 14 25 7 18 2 5 17 13 27 15 8 26 0
21 7 9 16 29 25 20 2 12 17 28 15 4 6 27 0
17 10 20 25 15 19 4 9 27 29 21 7 22 23 12 0
17 11 5 23 14 21 12 8 19 2 4 24 22 10 13 0
18 6 11 1 30 9 22 14 3 7 16 27 19 23 25 0
14 12 28 29 3 7 8 4 18 10 22 1 9 11 24 0
17 4 2 5 15 20 19 25 27 8 30 24 29 23 6 0
27 4 15 28 25 2 21 17 10 1 12 24 16 20 29 0
5 28 25 1 27 16 17 9 15 20 29 6 7 2 3 0
15 6 18 22 25 7 9 3 10 29 23 8 4 1 20 0
17 28 18 9 4 2 10 8 7 16 29 24 14 26 27 0
16 14 19 1 18 29 5 25 22 11 30 28 8 26 9 0
2 25 4 17 13 19 30 24 1 11 15 5 28 18 26 0
15 18 5 12 25 2 4 29 21 20 16 17 9 3 26 0
25 8 20 17 11 4 21 9 30 23 29 27 7 10 14 0
19 30 23 21 15 9 27 10 3 22 11 7 17 1 6 0
17 23 22 10 1 20 28 26 9 4 19 29 2 8 25 0
5 4 16 15 2 24 8 7 11 22 28 12 9 10 29 0
9 26 2 28 13 11 30 4 7 22 6 14 16 23 8 0
10 17 7 8 27 28 12 13 25 16 19 5 20 21 23 0
11 25 21 22 26 2 15 5 3 4 10 20 18 27 24 0
23 1 6 13 15 16 29 5 10 20 22 12 4 17 28 0
18 13 22 8 12 17 29 1 30 19 16 4 14 10 26 0
6 15 9 20 30 29 16 2 19 7 5 14 24 23 27 0
15 30 4 26 9 24 18 28 27 11 23 17 21 14 1 0
12 27 7 20 29 15 26 11 13 30 19 4 16 14 10 0
26 18 2 27 21 20 3 9 1 23 24 4 8 11 29 0
7 30 10 25 26 17 24 15 16 8 3 21 12 5 6 0
4 12 26 28 20 18 21 5 14 3 30 13 6 16 29 0
6 23 29 9 13 2 20 10 24 26 27 21 7 15 3 0
12 28 6 3 10 11 23 13 15 14 19 7 29 9 20 0
17 9 24 29 23 26 22 10 4 16 6 19 25 27 14 0
14 9 28 19 4 18 8 23 13 29 30 20 27 21 16 0
13 19 14 23 5 9 1 22 20 2 11 7 18 17 10 0
13 2 11 16 6 9 4 5 21 22 18 28 19 10 3 0
2 13 4 21 23 10 9 15 14 17 20 29 24 19 11 0
16 6 8 11 3 10 29 4 20 23 13 5 9 18 24 0
26 25 2 5 30 18 17 28 24 15 14 12 29 9 1 0
3 30 6 14 12 26 18 11 5 27 28 22 13 19 9 0
5 10 2 11 15 27 12 29 14 26 9 8 22 19 24 0
23 8 22 7 20 21 25 2 3 1 17 19 16 30 14 0
5 21 18 1 17 14 9 28 7 24 20 30 2 16 23 0
6 19 7 28 5 17 16 2 12 11 24 25 14 15 9 0
14 8 5 4 29 20 7 19 11 25 30 12 15 13 21 0
19 20 1 4 15 3 10 18 24 26 23 22 21 11 17 0
11 6 12 5 3 9 19 10 13 1 21 23 16 17 25 0
25 4 18 21 10 6 30 14 28 23 22 27 26 5 29 0
18 28 11 20 27 14 21 23 9 1 5 10 8 2 13 0
21 18 5 20 2 30 17 27 19 13 25 22 28 11 12 0
24 30 17 7 14 26 18 8 15 1 27 11 16 12 6 0
7 24 23 28 8 13 9 11 30 27 26 14 2 10 3 0
2 1 29 4 18 7 15 13 30 11 28 3 26 9 27 0
25 6 22 8 19 24 23 17 10 18 1 3 29 28 16 0
28 4 18 26 20 21 24 19 16 3 15 2 30 6 10 0
21 24 17 7 19 2 11 30 4 9 6 23 28 18 10 0
5 3 28 12 27 4 14 26 1 15 6 30 16 24 9 0
4 19 12 8 15 10 22 2 1 13 29 3 30 5 17 0
6 21 14 19 20 28 22 27 12 5 25 30 9 29 23 0
7 20 26 1 9 29 15 10 30 14 4 27 3 5 16 0
2 1 8 10 29 6 24 27 18 11 17 13 9 19 15 0
10 22 3 15 27 11 17 1 16 2 24 18 21 30 13 0
7 29 16 23 3 28 21 8 22 10 6 17 12 27 14 0
25 5 7 10 14 20 23 16 8 22 21 6 15 13 27 0
2 11 18 22 12 23 8 24 6 16 19 9 20 7 30 0
6 26 12 11 15 9 1 21 3 13 17 4 25 27 18 0
2 20 23 17 1 4 19 9 13 14 29 25 27 6 3 0
19 26 27 23 5 30 8 24 4 18 17 2 25 15 6 0
16 9 6 30 28 1 13 14 29 2 27 23 21 19 18 0
18 12 10 3 15 27 19 29 28 5 6 25 21 7 20 0
22 8 24 27 29 21 25 14 11 30 15 10 19 13 3 0
15 23 2 4 19 7 20 29 5 8 6 25 14 26 18 0
12 1 27 22 19 15 26 29 10 24 28 13 14 18 30 0
3 18 14 19 20 27 7 15 24 9 30 4 26 21 10 0
24 1 23 12 20 26 14 13 27 25 29 16 9 11 7 0
5 4 23 6 18 26 20 29 13 12 17 30 11 15 25 0
11 13 10 26 21 6 1 23 9 7 29 3 8 22 20 0
17 9 7 15 1 11 5 10 6 23 29 8 22 25 21 0
19 15 4 21 22 11 27 1 5 29 9 25 12 6 10 0
4 26 1 3 10 22 27 11 25 24 6 17 20 28 29 0
17 26 27 24 30 4 11 29 7 13 3 2 5 19 20 0
24 12 1 13 11 17 8 29 6 23 5 7 30 10 27 0
12 18 5 14 7 15 1 30 13 11 19 24 3 20 10 0
22 19 8 30 29 9 17 12 1 28 15 27 23 6 16 0
4 25 5 15 22 20 17 3 10 19 28 18 16 26 8 0
17 9 25 28 2 14 6 16 29 22 8 13 3 15 19 0
11 30 10 1 9 5 19 21 29 28 24 6 25 26 27 0
23 3 28 13 16 27 25 18 12 29 14 2 8 4 15 0
12 16 13 9 6 29 11 23 26 28 18 14 21 20 3 0
5 30 20 15 3 22 13 17 12 16 7 23 19 29 28 0
17 26 1 13 28 18 27 10 29 8 5 7 24 2 6 0
26 21 17 29 24 23 19 4 9 6 12 13 16 22 27 0
13 11 1 8 10 16 14 6 28 5 22 25 29 2 17 0
16 6 9 19 24 21 30 17 20 1 11 8 4 28 7 0
11 25 14 4 29 27 9 7 2 19 23 5 26 6 1 0
23 15 20 21 17 14 5 13 29 11 24 2 12 8 4 0
16 7 2 11 4 25 9 18 23 29 5 3 17 15 13 0
15 21 28 30 22 14 12 7 20 25 23 26 18 4 24 0
12 16 8 11 6 5 28 22 24 9 20 15 23 7 21 0
4 23 13 21 2 7 11 6 5 17 12 3 19 1 16 0
20 30 29 23 12 18 16 7 4 21 17 24 5 14 28 0
24 12 19 20 5 22 1 14 16 8 13 30 23 7 6 0
30 22 9 12 17 6 8 19 7 5 13 18 20 23 29 0
16 6 29 4 19 14 3 2 24 25 12 30 21 1 17 0
11 25 16 30 1 20 4 10 26 8 2 29 19 21 13 0
23 14 8 26 6 29 20 18 21 25 4 30 28 15 27 0
28 27 30 29 25 13 18 1 14 12 11 9 24 10 20 0
12 22 15 21 13 28 8 2 24 7 1 20 23 29 3 0
17 25 2 16 30 5 18 12 20 23 26 7 21 19 10 0
6 13 3 4 5 14 18 25 8 20 11 24 26 23 10 0
17 10 21 3 28 13 24 23 12 6 30 15 18 4 8 0
23 8 2 30 20 4 24 15 3 16 19 7 13 21 11 0
7 5 22 12 25 14 27 17 24 18 13 10 28 16 1 0
20 2 11 6 30 24 26 10 22 23 25 17 15 21 18 0
6 9 29 19 24 3 2 25 1 11 23 4 22 18 10 0
12 9 2 13 26 18 19 16 30 25 6 23 29 10 28 0
12 21 15 6 17 3 29 16 28 26 14 30 22 10 20 0
29 8 12 1 28 2 18 19 13 5 26 20 25 27 14 0
3 23 1 19 15 6 8 28 27 14 11 24 22 20 10 0
14 5 15 9 24 1 29 13 20 17 26 18 2 30 12 0
19 24 5 10 14 27 12 2 18 17 29 30 4 13 26 0
29 19 11 30 23 24 3 9 4 14 16 15 2 21 25 0
12 8 16 11 3 2 15 6 19 5 30 4 7 22 17 0
21 16 25 1 12 8 26 2 20 22 11 23 19 9 29 0
14 28 9 21 7 11 19 27 2 20 30 17 25 13 6 0
9 23 28 29 10 22 14 20 4 18 16 6 27 1 5 0
15 19 6 4 18 29 1 26 5 2 23 27 21 14 28 0
5 27 17 19 22 4 16 14 11 26 9 1 18 13 28 0
10 11 7 30 2 14 15 3 16 20 22 8 21 4 6 0
11 21 14 12 8 18 19 5 27 29 2 13 7 30 3 0
22 19 24 3 18 10 8 16 27 30 1 9 6 28 15 0
9 20 16 17 19 7 10 25 4 13 14 11 22 6 23 0
18 29 6 17 21 14 26 3 10 12 7 28 25 24 8 0
5 10 11 9 14 30 16 28 21 12 19 17 23 27 25 0
20 14 4 1 21 15 27 11 7 28 25 26 29 13 16 0
4 8 30 21 26 24 2 10 20 6 7 17 9 15 19 0
11 13 5 24 30 26 20 17 3 15 12 16 29 1 9 0
20 24 29 17 30 7 25 12 14 6 22 18 10 5 28 0
26 4 25 29 20 5 9 1 13 23 18 16 12 7 10 0
21 11 23 18 2 10 27 1 24 8 19 13 9 6 22 0
10 30 14 22 17 25 13 20 5 19 12 2 21 24 15 0
11 7 26 15 8 9 21 1 10 12 17 24 18 30 22 0
20 14 16 19 25 12 15 11 5 6 7 22 8 30 2 0
8 1 5 10 14 3 20 13 12 11 2 26 19 21 7 0
2 26 17 7 1 4 13 5 15 9 22 18 29 23 27 0
12 17 16 28 19 18 15 7 30 4 5 1 21 14 29 0
22 17 4 18 23 29 15 16 12 28 3 10 20 21 13 0
6 29 20 3 17 7 18 15 13 19 4 24 27 10 22 0
26 3 13 6 9 28 17 22 18 25 4 2 11 16 10 0
18 3 16 15 8 27 13 20 2 19 30 6 24 11 21 0
29 6 15 3 27 28 26 30 13 9 8 23 17 21 20 0
5 2 24 28 9 23 18 8 29 17 13 27 16 25 7 0
9 8 7 28 16 5 18 4 14 20 29 2 24 26 22 0
11 8 1 23 26 16 10 20 2 18 24 7 29 30 6 0
21 19 26 20 4 13 22 17 27 24 16 11 30 5 28 0
9 6 8 3 12 26 23 19 17 28 2 5 13 24 10 0
9 16 3 24 4 11 8 28 26 10 13 20 2 6 25 0
10 2 7 25 12 29 23 13 30 16 22 4 18 11 14 0
11 8 23 5 6 25 29 22 4 2 27 21 26 1 19 0
10 13 17 28 8 16 24 15 23 20 3 5 29 9 2 0
15 25 30 7 20 14 9 26 17 27 21 22 28 11 2 0
18 6 16 10 3 27 4 29 1 2 8 9 24 23 15 0
14 6 22 1 30 18 12 19 7 9 8 15 21 29 23 0
22 6 29 27 4 10 26 25 9 24 5 13 12 11 19 0
13 19 3 22 14 5 18 8 1 30 28 23 26 6 20 0
6 4 24 10 15 27 14 19 18 7 9 23 13 5 2 0
23 13 24 17 4 21 9 6 18 16 19 1 25 3 27 0
8 14 3 25 20 12 26 7 4 27 23 9 11 10 18 0
23 15 21 11 30 28 26 10 29 12 13 17 20 6 7 0
1 6 26 9 22 23 16 3 18 12 10 19 20 7 11 0
24 27 22 11 16 9 8 20 14 3 12 4 29 18 26 0
8 21 6 18 1 28 29 3 17 14 27 23 9 30 7 0
28 23 1 9 6 8 4 27 17 22 29 13 30 16 24 0
2 23 7 20 22 5 4 12 3 13 1 18 27 25 30 0
14 13 16 5 8 7 1 28 21 9 30 19 29 23 2 0
24 19 27 13 23 22 20 10 6 11 15 18 25 7 26 0
14 12 26 13 30 16 25 10 18 2 6 1 24 22 5 0
13 23 10 24 7 19 12 17 6 5 27 22 18 30 29 0
25 17 4 5 9 20 18 7 2 26 22 1 15 14 23 0
18 5 2 9 14 24 29 10 4 13 28 26 27 19 16 0
27 11 1 6 7 2 15 13 17 26 16 4 20 9 21 0
18 26 16 7 14 15 17 25 11 21 22 27 24 19 30 0
20 29 12 7 3 24 9 10 5 21 17 1 19 25 23 0
11 19 5 2 7 22 25 6 16 15 26 28 13 20 21 0
22 25 5 15 11 26 13 12 21 2 29 8 1 3 9 0
16 9 26 5 13 18 10 6 1 22 8 2 3 7 11 0
14 19 27 5 20 18 29 30 26 25 1 10 7 6 28 0
15 5 22 7 28 18 12 16 14 8 1 9 21 23 30 0
17 24 26 23 4 13 18 27 25 1 11 6 8 5 9 0
22 5 30 11 18 20 4 27 13 1 7 23 24 12 9 0
6 4 20 28 8 30 22 27 2 14 17 13 7 10 24 0
6 16 17 1 28 10 9 25 5 20 30 22 23 11 4 0
15 6 1 12 11 29 19 8 16 7 14 26 21 10 5 0
29 24 19 1 3 30 27 17 28 21 18 16 8 26 22 0
15 9 28 10 23 26 22 3 14 24 5 11 21 1 18 0
21 17 7 30 26 14 5 24 23 13 19 8 3 29 12 0
13 2 25 19 15 21 24 11 5 10 9 4 28 22 18 0
26 23 9 19 15 13 7 21 12 1 11 16 5 30 3 0
23 6 8 30 25 4 9 3 28 24 10 16 11 21 1 0
20 13 2 23 17 8 25 10 9 16 12 19 14 29 24 0
30 5 14 19 17 7 1 2 15 9 16 10 28 4 25 0
2 15 6 14 20 24 18 5 19 9 25 11 30 21 22 0
6 13 23 12 29 1 3 4 5 10 19 24 11 25 21 0
23 12 1 6 11 22 28 9 26 25 13 16 7 4 29 0
16 21 8 1 24 10 15 18 7 13 14 2 5 26 17 0
20 17 23 4 27 24 16 11 21 30 26 13 29 3 10 0
19 4 3 20 8 7 17 27 15 9 5 18 1 12 22 0
16 27 3 24 13 15 23 8 1 25 11 10 22 18 4 0
28 4 22 13 18 23 3 14 26 29 8 19 2 16 30 0
13 5 2 9 27 19 4 24 14 25 28 20 1 7 22 0
9 29 27 23 28 20 21 16 13 1 14 3 10 15 17 0
15 21 17 19 27 6 26 24 14 25 29 22 18 5 23 0
3 5 25 19 15 28 16 17 6 1 30 22 26 27 23 0
24 9 7 22 23 21 19 13 3 28 11 4 30 20 27 0
12 21 19 22 16 7 28 26 13 30 11 14 1 2 5 0
14 17 13 3 27 16 6 2 7 23 4 28 5 20 12 0
9 15 3 21 25 1 27 30 2 8 24 6 10 11 23 0
28 26 20 29 24 13 27 17 2 7 6 14 12 8 19 0
7 24 20 3 13 2 17 10 22 26 6 15 18 14 1 0
16 26 19 3 5 21 2 8 14 25 27 12 6 4 20 0
21 7 3 19 1 6 26 13 14 20 15 18 2 8 24 0
13 26 5 23 3 14 10 7 22 20 18 21 19 2 25 0
3 16 5 10 9 6 2 29 8 20 4 26 22 30 23 0
11 2 10 23 8 14 6 27 29 24 16 21 20 18 22 0
29 14 27 23 13 26 12 8 4 25 21 2 30 24 22 0
7 20 5 12 25 24 29 8 15 4 9 21 18 16 10 0
29 8 6 28 23 1 3 22 25 18 13 21 20 24 26 0
2 13 5 9 28 15 7 11 14 4 30 29 26 25 20 0
26 7 2 25 27 6 24 29 16 14 22 28 19 30 17 0
1 7 16 3 12 11 2 10 26 5 15 21 19 17 24 0
24 1 12 14 9 25 27 28 5 18 15 22 29 6 2 0
1 7 8 26 4 15 16 19 17 27 6 21 20 2 25 0
12 26 21 2 1 8 16 27 24 7 30 18 13 22 14 0
21 11 22 17 8 18 20 28 29 15 23 19 16 13 12 0
27 5 25 14 24 1 23 6 17 15 3 11 4 21 26 0
9 30 20 8 12 16 4 2 3 25 18 6 15 22 27 0
12 25 2 9 30 5 13 20 8 11 16 26 17 28 29 0
30 17 13 22 5 16 8 6 25 7 10 29 19 11 15 0
15 24 23 3 11 9 22 25 27 12 13 16 8 17 7 0
14 10 5 24 8 23 22 13 1 9 2 18 4 25 3 0
6 28 19 10 14 18 7 24 1 16 29 15 21 27 13 0
23 28 13 1 14 7 10 27 25 24 16 5 17 26 12 0
15 3 26 5 2 10 24 4 22 17 28 16 18 30 8 0
27 26 2 4 19 7 11 18 30 6 14 16 23 25 5 0
26 18 11 5 3 15 19 1 8 7 10 24 4 2 13 0
2 12 22 1 17 27 8 14 29 26 11 25 5 21 9 0
25 28 9 20 15 7 21 13 1 24 14 5 26 18 4 0
14 26 5 28 24 22 30 10 20 23 25 17 1 8 21 0
3 8 15 16 12 2 29 11 4 28 23 14 22 20 9 0
3 8 9 14 7 29 16 5 24 17 28 18 11 10 25 0
17 26 28 2 9 11 25 24 15 21 12 29 30 7 13 0
24 9 8 10 4 27 7 6 13 15 21 17 14 11 3 0
2 12 1 3 7 28 10 27 23 21 22 30 5 18 29 0
2 22 5 8 12 13 18 24 3 30 27 28 6 25 20 0
8 14 13 30 26 21 25 10 15 12 20 19 16 3 1 0
3 26 2 14 30 17 13 27 4 10 16 28 19 15 1 0
26 25 8 28 18 10 15 13 4 12 23 16 19 1 20 0
5 29 14 25 28 17 13 4 24 6 18 27 15 1 10 0
21 5 22 19 6 3 16 28 30 1 17 4 29 18 9 0
3 22 24 30 12 11 18 23 19 6 4 10 27 14 7 0
21 29 27 20 13 16 19 7 5 28 6 1 30 18 22 0
21 27 7 16 12 17 30 23 20 11 10 24 25 29 6 0
16 5 4 9 26 13 30 17 6 7 14 2 29 3 27 0
30 13 12 17 3 23 16 22 29 4 7 20 8 6 14 0
13 19 8 24 11 26 20 2 30 18 16 25 15 14 7 0
20 2 27 18 9 25 14 6 30 26 7 8 22 10 5 0
4 3 27 21 12 7 19 6 25 30 13 23 1 16 24 0
17 29 16 15 23 2 6 24 1 26 27 8 20 19 10 0
24 14 25 16 29 18 2 27 8 10 12 23 26 21 11 0
14 22 29 10 6 3 12 25 24 30 9 17 7 26 11 0
5 29 25 20 10 11 27 23 24 17 7 3 1 13 26 0
26 3 19 20 2 28 6 18 22 5 17 30 14 16 11 0
18 20 27 16 23 11 9 7 4 29 17 15 22 14 21 0
1 5 25 21 14 16 4 27 13 20 15 26 29 24 17 0
2 29 20 10 25 18 5 15 4 19 1 14 17 11 27 0
2 15 26 6 3 23 1 17 29 9 18 28 27 14 19 0
20 19 28 9 11 7 30 26 6 14 13 3 16 25 8 0
30 16 17 18 13 6 26 21 7 1 28 29 5 27 11 0
27 2 15 29 10 28 16 17 19 1 25 13 23 4 30 0
5 2 8 19 3 24 17 29 15 6 14 16 25 30 4 0
27 15 13 8 7 5 19 21 25 9 18 29 12 14 28 0
11 29 3 24 4 26 10 5 20 9 28 19 6 25 14 0
25 9 24 19 17 11 10 6 22 15 13 27 18 8 12 0
3 27 8 26 24 18 23 20 12 19 29 17 5 10 15 0
15 12 16 26 1 6 19 5 24 28 13 7 10 23 27 0
28 2 12 18 6 30 8 22 4 24 5 16 26 13 11 0
30 7 8 4 13 24 20 14 28 11 25 6 22 3 16 0
30 17 25 12 14 28 27 5 23 1 7 15 18 29 19 0
3 5 30 18 9 2 17 7 26 6 21 24 14 12 20 0
1 18 7 12 9 6 28 27 30 25 29 22 4 8 10 0
6 3 11 24 4 8 29 19 18 28 16 22 21 20 14 0
24 10 17 25 23 20 28 1 22 27 9 7 29 16 21 0
26 2 12 23 14 1 16 6 27 25 20 4 17 30 11 0
26 25 11 17 13 10 19 3 9 20 18 12 24 7 2 0
6 26 28 20 7 14 19 5 16 15 29 27 23 4 11 0
6 22 11 18 10 1 29 25 5 13 14 19 8 4 7 0
5 15 13 18 4 17 26 10 8 22 24 3 19 27 30 0
10 7 17 11 29 8 5 3 9 15 20 16 26 12 25 0
30 21 20 9 16 8 29 6 10 17 2 1 19 18 25 0
26 24 3 2 9 7 17 18 20 4 10 15 27 1 16 0
3 10 25 26 13 19 17 5 20 7 16 11 15 14 8 0
30 20 23 9 27 16 26 15 4 25 28 10 14 7 11 0
24 9 10 1 11 14 21 20 22 5 8 3 30 29 4 0
15 5 4 25 28 20 7 3 19 21 16 9 13 10 29 0
6 1 27 22 21 5 23 24 19 16 15 20 29 9 2 0
14 9 6 26 29 18 27 19 16 2 11 8 20 24 4 0
12 16 1 19 30 23 20 22 21 5 27 29 10 28 18 0
8 27 12 10 1 3 17 19 13 22 21 11 20 4 25 0
10 7 8 30 12 5 20 13 18 9 2 28 16 21 17 0
17 9 20 24 25 30 29 7 21 19 10 23 8 14 13 0
12 6 1 20 29 28 19 14 27 25 13 23 24 3 7 0
21 8 20 13 30 25 9 12 17 23 22 2 29 15 27 0
10 24 19 3 26 9 1 8 22 27 21 15 23 12 5 0
7 16 9 19 10 11 30 25 22 26 6 20 2 14 21 0
9 14 12 28 4 24 10 15 2 18 8 25 23 3 21 0
26 19 12 13 14 25 24 15 7 18 10 2 4 11 17 0
5 27 23 12 21 15 22 17 9 19 24 3 4 7 28 0
25 19 26 13 20 28 16 30 4 21 18 8 3 29 10 0
22 14 16 7 19 17 8 12 5 4 24 1 23 11 30 0
17 7 26 29 24 3 1 10 23 12 5 18 9 16 19 0
29 3 5 6 1 13 24 27 23 10 11 18 4 28 26 0
6 2 11 9 19 18 30 8 12 4 17 27 29 20 25 0
16 13 7 10 22 9 20 17 12 14 2 5 29 23 4 0
11 27 9 19 23 15 10 4 5 12 17 13 30 2 16 0
22 18 19 1 2 17 30 25 13 21 6 11 20 23 27 0
16 26 13 18 9 4 6 10 19 20 7 30 25 11 12 0
27 12 17 13 22 28 6 4 24 19 8 29 2 3 9 0
21 22 20 19 3 1 11 13 16 29 24 30 2 9 26 0
8 23 29 17 5 12 6 16 7 25 4 27 9 18 20 0
16 1 28 6 8 29 30 24 7 21 22 15 18 26 3 0
2 7 28 30 4 5 8 13 27 6 25 22 1 29 19 0
20 11 13 27 24 26 3 21 23 14 22 5 17 28 12 0
29 16 17 23 11 15 14 12 5 1 21 19 27 9 4 0
23 19 6 5 4 2 11 25 17 15 14 27 9 21 1 0
19 7 3 23 26 1 16 14 24 6 4 20 13 30 27 0
3 6 15 4 26 12 27 19 30 21 14 16 23 25 8 0
17 4 28 6 10 11 18 25 3 27 8 13 22 24 15 0
21 4 29 18 11 2 28 7 6 10 14 16 30 22 20 0
24 27 29 6 11 9 1 28 20 5 15 25 30 16 22 0
21 17 14 4 6 12 7 5 25 16 11 28 26 22 24 0
14 28 18 3 23 9 2 15 25 7 22 8 19 30 21 0
23 5 3 29 22 16 1 13 24 12 10 25 26 15 17 0
7 13 10 29 16 4 6 5 3 27 17 20 19 2 26 0
23 8 26 17 3 2 1 7 11 29 20 9 6 14 30 0
10 20 29 30 6 18 19 5 15 22 12 8 1 14 3 0
2 22 30 29 28 1 20 27 18 6 9 25 8 13 17 0
11 28 22 14 20 26 27 9 29 12 23 10 8 18 2 0
8 28 26 7 2 27 5 18 25 20 14 19 16 24 11 0
12 29 22 3 28 2 5 24 9 25 13 15 14 8 6 0
25 3 11 13 10 5 23 24 1 4 27 21 17 19 18 0
17 12 19 2 6 14 3 28 13 30 11 7 25 22 4 0
18 3 19 10 28 8 1 7 20 16 30 4 27 14 5 0
17 3 21 22 15 13 7 16 23 2 12 20 4 9 28 0
15 21 24 9 7 28 14 30 4 29 6 16 23 18 22 0
8 2 24 18 6 5 16 25 9 20 30 13 3 21 1 0
5 26 8 30 6 1 7 28 18 29 27 19 14 20 11 0
24 6 27 25 21 4 14 28 29 10 3 20 22 7 23 0
18 17 28 7 30 22 4 26 16 9 1 2 21 13 29 0
19 7 26 8 27 22 10 16 17 23 15 9 21 28 24 0
24 7 22 15 26 5 19 16 12 23 14 3 25 29 17 0
5 20 19 28 18 26 10 15 9 4 30 25 23 13 1 0
22 30 27 10 16 4 21 13 1 2 29 5 17 24 8 0
5 4 14 7 20 23 28 24 15 19 11 29 9 17 27 0
25 27 17 7 18 23 30 14 9 10 12 21 26 24 19 0
8 12 10 16 26 2 14 24 4 5 17 3 25 11 28 0
22 16 7 9 11 1 21 29 12 24 30 13 5 8 4 0
9 14 27 8 22 13 24 17 18 15 1 11 4 23 16 0
15 25 20 14 23 1 12 30 5 11 18 2 28 8 22 0
15 7 14 30 19 22 5 3 28 18 12 29 4 21 8 0
5 26 25 6 15 27 13 7 24 2 20 8 30 29 10 0
17 12 15 19 1 6 27 26 9 3 14 13 28 8 10 0
4 26 22 8 25 7 10 14 1 9 12 11 17 15 28 0
16 22 25 19 10 13 4 18 15 17 12 1 7 14 28 0
20 16 12 25 28 18 21 4 19 8 3 13 30 11 26 0
3 27 26 10 23 9 24 20 1 14 16 5 11 17 15 0
29 26 3 24 10 19 15 12 2 14 23 27 17 11 5 0
11 7 10 18 21 13 19 5 12 14 29 27 9 15 8 0
10 26 5 18 29 11 23 25 15 7 21 14 1 16 17 0
5 17 20 18 15 16 22 1 19 8 14 4 7 27 3 0
21 5 8 9 24 3 17 20 11 7 29 26 14 13 2 0
14 30 20 11 4 9 10 7 23 13 25 15 5 26 27 0
18 4 12 13 23 19 22 2 8 25 9 6 21 7 5 0
19 27 10 8 16 6 4 3 1 14 13 30 28 23 15 0
17 8 26 24 3 28 30 21 18 6 14 23 16 2 11 0
25 9 26 22 13 20 23 12 5 11 24 30 6 1 17 0
21 25 12 18 16 24 5 13 7 19 28 9 30 15 17 0
6 13 29 28 24 25 5 16 14 20 15 11 1 7 4 0
18 22 19 14 5 26 3 24 30 4 2 6 9 25 23 0
19 6 1 24 25 7 4 8 26 13 3 22 9 21 16 0
26 6 15 21 7 12 29 1 17 28 13 3 23 20 27 0
24 25 21 28 20 4 16 11 29 17 12 2 10 30 27 0
2 12 5 30 25 7 14 26 20 9 1 18 4 21 23 0
17 4 21 25 20 8 3 16 26 5 14 10 27 29 15 0
28 5 7 20 6 27 14 9 23 18 3 13 10 15 22 0
4 11 18 17 12 22 8 13 1 16 9 6 14 25 10 0
11 30 29 15 8 21 2 10 3 13 6 12 22 23 14 0
6 22 18 7 13 12 30 27 29 1 28 5 19 14 10 0
23 11 15 26 10 7 18 4 9 24 1 14 2 22 28 0
30 26 25 11 24 22 3 8 2 17 15 12 18 19 10 0
14 24 20 7 25 28 1 8 18 30 3 4 2 27 17 0
18 29 24 19 16 21 30 10 25 28 4 23 6 7 13 0
6 14 30 28 16 3 21 4 22 8 20 23 1 27 11 0
14 19 23 5 28 17 29 20 7 4 16 1 18 25 2 0
11 29 23 18 4 10 1 12 17 27 21 30 13 20 16 0
24 17 14 27 12 18 13 5 19 20 4 3 21 8 23 0
17 30 26 25 10 22 15 1 4 8 19 5 21 16 28 0
12 18 8 6 30 20 9 3 23 22 16 21 1 10 15 0
16 22 10 12 29 8 11 14 15 3 27 2 19 21 13 0
14 15 20 5 26 13 6 17 27 1 28 16 21 23 2 0
9 8 3 4 22 5 27 10 25 20 30 16 29 28 14 0
24 21 1 16 14 10 15 4 29 8 6 3 18 22 23 0
28 7 21 11 27 16 4 24 2 9 17 14 10 19 5 0
14 18 3 24 8 23 1 21 22 28 10 6 29 5 15 0
10 23 8 29 25 16 9 4 19 14 21 6 5 11 27 0
24 12 7 29 14 27 10 25 11 19 4 26 17 28 8 0
1 21 11 7 12 17 18 8 4 29 13 30 16 25 15 0
1 29 23 19 5 30 12 2 3 13 24 20 10 8 14 0
12 6 18 2 28 26 9 14 8 23 16 10 7 5 4 0
1 5 27 4 18 8 26 11 20 6 7 24 28 30 13 0
16 9 27 23 1 10 20 8 4 29 14 24 15 5 22 0
20 5 24 9 10 27 26 12 18 25 21 22 28 1 3 0
4 15 29 23 24 12 21 5 22 16 30 13 28 8 18 0
29 25 1 26 20 5 13 8 27 18 23 30 16 11 21 0
19 6 24 1 26 13 21 3 22 23 9 18 11 29 10 0
9 16 2 13 6 28 7 22 19 23 24 11 29 25 4 0
24 7 16 18 21 5 13 2 22 12 19 20 27 15 8 0
15 22 9 23 3 7 28 13 10 27 8 11 14 30 24 0
11 27 13 7 12 14 22 15 29 21 18 5 2 1 10 0
3 20 2 16 13 4 17 24 22 30 5 6 23 14 26 0
13 27 24 30 1 29 7 21 2 23 14 28 12 22 15 0
11 18 15 17 10 20 4 14 8 5 9 7 22 19 1 0
29 20 17 21 26 14 9 18 5 1 19 30 25 8 15 0
4 22 23 30 2 17 21 9 1 29 18 19 8 25 7 0
5 24 7 17 8 10 12 22 2 11 3 28 26 18 19 0
26 30 29 6 7 21 24 1 10 17 9 22 2 5 8 0
2 14 19 15 29 11 9 18 28 4 7 23 6 13 12 0
3 30 4 22 20 21 28 25 10 29 9 5 15 19 7 0
16 28 26 19 5 2 3 6 7 15 13 10 4 17 9 0
16 19 6 10 21 26 22 17 20 28 2 18 24 12 25 0
7 27 24 21 1 25 22 5 30 8 15 18 16 19 10 0
2 4 29 27 16 14 8 9 18 24 10 22 1 6 21 0
30 24 27 10 17 5 22 26 28 13 20 23 4 2 25 0
22 19 27 1 11 7 23 20 28 9 16 6 5 24 25 0
15 10 13 27 3 14 8 17 24 18 7 6 25 9 23 0
23 13 6 12 2 14 19 29 11 25 22 5 1 17 27 0
26 30 27 4 15 29 22 17 28 9 16 23 20 24 13 0
4 12 14 29 25 10 18 5 9 30 16 21 2 23 26 0
7 1 10 19 20 8 12 25 3 15 28 16 13 22 17 0
4 23 26 21 27 19 29 9 12 17 5 14 16 13 8 0
10 15 23 29 22 27 13 30 5 25 12 24 20 9 28 0
20 6 30 16 9 17 12 14 13 26 21 2 5 15 1 0
2 14 23 6 30 4 29 20 25 10 28 22 9 19 21 0
17 27 7 28 11 20 2 8 22 6 12 25 24 16 30 0
18 17 19 1 8 20 29 6 7 5 25 9 16 4 11 0
20 22 29 17 28 10 4 1 2 11 30 5 21 3 27 0
28 30 13 6 15 16 4 2 18 23 8 10 12 17 29 0
21 13 29 22 23 3 12 5 17 14 18 11 10 15 25 0
30 8 18 9 2 17 1 6 3 22 26 7 20 24 11 0
7 25 22 8 1 12 17 13 19 26 21 11 28 3 2 0
24 20 30 6 28 21 29 1 15 26 16 17 10 12 19 0
18 24 30 14 6 2 11 5 4 28 20 27 17 13 10 0
7 5 3 21 4 28 12 19 2 16 15 20 14 8 25 0
15 10 29 14 26 7 4 24 8 18 12 30 13 20 2 0
15 23 22 10 21 24 8 30 7 26 28 2 19 1 25 0
2 8 12 28 11 10 26 15 4 29 14 5 24 23 25 0
17 22 16 15 9 6 12 10 25 4 18 7 14 3 24 0
23 20 13 26 10 3 6 29 21 7 1 25 9 22 28 0
12 2 1 11 30 15 19 13 5 28 23 29 25 7 14 0
12 21 4 2 10 28 1 17 14 24 18 16 26 15 30 0
19 25 22 18 20 7 26 3 17 28 30 12 9 1 6 0
17 4 13 10 19 8 26 5 14 30 23 11 20 29 6 0
14 17 12 8 25 16 23 24 7 5 26 21 9 29 30 0
29 19 10 18 17 8 23 25 13 26 2 30 20 9 16 0
7 17 27 21 2 26 25 13 29 9 3 30 28 5 8 0
1 14 25 30 7 11 12 24 13 3 21 19 29 2 26 0
27 14 17 5 16 11 6 8 13 29 2 9 10 26 21 0
21 25 28 22 17 29 9 13 5 12 2 11 8 18 23 0
12 2 3 5 10 7 18 16 6 25 28 22 19 8 14 0
12 28 16 22 6 15 2 19 11 24 23 26 27 13 25 0
7 17 2 12 11 30 3 18 13 5 21 16 28 15 4 0
30 4 6 15 26 18 11 22 27 28 8 1 19 25 29 0
26 16 5 22 6 17 7 15 29 9 24 20 19 3 10 0
22 15 29 2 18 9 13 8 27 28 12 25 21 17 26 0
22 29 27 18 23 11 3 26 12 5 2 21 19 16 20 0
3 18 29 22 6 11 9 5 25 17 8 13 15 16 20 0
2 27 16 3 10 26 19 21 28 1 11 29 17 15 23 0
13 23 30 7 5 17 24 11 2 12 28 14 29 8 19 0
5 21 7 27 1 14 18 13 30 16 29 6 11 28 22 0
18 24 8 3 4 1 29 15 21 10 20 19 17 14 26 0
14 10 19 20 1 27 30 24 2 21 18 11 6 13 9 0
18 11 15 8 13 26 19 29 1 4 27 6 20 24 7 0
8 20 28 23 30 13 18 2 10 5 15 14 17 24 29 0
20 2 12 27 15 8 14 17 13 16 25 10 9 3 1 0
13 20 3 23 24 9 2 29 25 26 12 16 7 27 18 0
9 11 18 28 1 23 14 6 27 21 30 7 29 2 12 0
21 1 4 6 9 5 26 22 16 3 28 29 8 17 20 0
29 2 23 20 25 26 17 3 21 14 22 12 27 11 5 0
13 27 5 11 24 18 8 19 6 21 30 17 15 26 9 0
10 16 29 23 14 12 26 2 6 19 24 18 21 28 7 0
5 25 6 3 15 27 11 21 14 30 23 16 1 8 28 0
3 28 26 1 24 20 25 29 8 30 7 9 6 23 22 0
18 8 14 20 22 24 27 11 6 19 25 16 5 12 2 0
25 19 24 21 9 30 29 5 26 1 2 14 15 7 23 0
23 5 2 9 12 28 21 14 1 7 13 3 17 24 29 0
17 19 25 8 12 9 18 26 7 13 1 27 10 5 14 0
29 10 12 3 18 9 6 5 2 4 13 20 21 24 28 0
8 11 27 24 15 19 2 16 10 29 25 13 18 9 22 0
30 3 7 20 10 8 18 24 26 27 11 22 1 28 2 0
12 10 22 20 6 11 17 4 13 29 28 9 25 19 1 0
20 15 23 22 30 19 25 17 28 26 21 12 7 5 10 0
13 12 1 23 25 22 8 21 9 26 28 2 27 19 24 0
12 30 18 28 11 15 16 2 22 4 1 10 24 5 14 0
17 24 9 29 13 3 26 23 7 22 5 11 15 2 10 0
16 20 22 18 15 5 13 28 9 19 11 17 1 8 25 0
16 13 27 21 29 3 12 1 18 14 8 20 23 9 5 0
10 30 4 18 3 29 15 17 5 19 26 25 2 11 13 0
3 27 25 7 28 24 11 15 26 1 10 2 17 5 12 0
3 22 13 20 9 29 7 21 8 5 11 26 10 24 14 0
12 8 2 9 3 28 25 1 24 4 19 16 27 18 15 0
14 5 23 7 11 4 6 12 1 29 20 28 2 8 9 0
15 4 7 28 17 14 23 21 9 27 13 30 19 11 26 0
8 30 19 15 7 27 21 2 25 24 11 29 14 12 28 0
2 14 24 18 26 11 6 21 8 28 7 12 5 22 17 0
17 26 19 7 9 25 18 20 2 15 14 8 1 23 3 0
29 5 23 6 12 20 4 7 8 24 13 15 2 30 25 0
9 1 20 26 12 13 2 25 19 18 24 10 28 27 7 0
10 8 16 1 9 6 13 12 18 7 26 4 30 14 2 0
10 14 19 21 7 23 30 27 28 6 26 29 13 18 4 0
19 22 13 28 8 26 7 12 3 6 25 4 15 30 23 0
5 7 15 26 3 25 30 20 13 12 19 22 29 6 14 0
30 2 17 7 3 5 14 19 10 25 28 24 12 23 1 0
25 27 22 5 10 16 4 15 30 8 7 11 13 9 14 0
16 15 8 9 13 1 20 24 12 10 4 25 17 21 5 0
15 23 17 22 7 30 1 2 4 13 19 16 29 18 10 0
5 22 19 6 3 23 28 15 1 8 27 14 21 29 12 0
3 2 26 18 22 5 27 15 23 21 6 25 20 17 13 0
19 1 10 16 14 7 4 26 27 17 29 18 24 8 2 0
20 4 19 8 18 12 9 24 6 5 22 23 14 25 30 0
27 23 3 15 11 19 21 1 29 7 8 30 26 10 25 0
28 21 14 9 22 30 3 4 27 18 19 10 13 29 5 0
21 13 8 1 25 29 16 20 27 26 30 12 24 3 5 0
21 26 15 9 28 19 1 8 22 2 30 3 7 11 10 0
3 9 14 29 25 16 24 13 7 19 27 15 2 21 26 0
4 12 17 28 18 27 10 11 29 20 14 19 26 7 1 0
2 17 19 9 25 3 11 27 24 6 29 1 13 26 5 0
22 6 25 17 27 30 23 28 16 7 1 19 15 24 9 0
20 16 24 28 6 23 19 21 14 7 2 29 26 15 12 0
17 24 3 5 18 20 13 29 7 27 28 4 11 15 1 0
2 20 8 13 21 6 11 7 23 17 16 22 28 1 30 0
7 9 18 4 20 13 21 14 27 28 17 29 1 15 3 0
17 4 18 11 30 8 2 10 9 25 14 7 1 27 13 0
30 8 9 27 24 29 22 25 13 16 3 5 17 26 18 0
6 4 17 16 21 11 19 10 23 20 15 8 9 22 25 0
26 6 19 1 16 12 17 20 7 4 25 2 22 14 10 0
24 5 17 16 2 8 21 6 18 4 28 12 13 15 19 0
22 18 20 5 1 4 6 24 8 15 23 30 9 21 29 0
9 15 2 4 28 8 21 11 30 7 16 13 23 27 5 0
29 16 12 5 7 10 17 19 4 1 22 18 30 15 11 0
18 29 22 13 17 26 11 3 7 15 9 8 1 20 16 0
26 8 22 29 30 6 17 18 27 25 1 9 19 15 10 0
17 12 24 1 19 30 14 21 25 8 15 2 27 29 28 0
9 13 12 14 29 25 7 28 22 30 18 19 27 8 21 0
8 15 2 29 20 28 6 4 25 19 14 5 3 22 9 0
4 11 6 30 13 19 20 14 9 27 3 29 24 28 23 0
29 28 13 9 11 1 22 26 15 25 12 7 19 2 8 0
5 26 6 20 24 10 13 3 18 23 25 14 7 1 8 0
13 18 14 24 8 22 16 17 21 12 2 27 30 4 9 0
24 13 23 18 5 29 30 12 14 8 16 21 25 26 6 0
2 19 18 5 30 9 11 23 27 10 26 6 25 20 8 0
16 9 23 22 28 18 17 25 19 13 24 14 27 2 20 0
29 26 7 13 15 17 12 25 4 19 10 3 23 22 9 0
22 12 2 5 8 26 21 19 16 9 3 13 17 29 11 0
24 13 5 19 29 8 4 2 11 20 15 26 12 14 9 0
8 2 3 17 22 7 19 15 23 12 11 21 14 25 29 0
1 28 16 12 27 11 3 8 25 21 2 5 26 20 19 0
17 13 30 27 25 2 9 22 19 7 16 26 4 28 11 0
19 5 30 13 20 21 2 25 27 11 15 9 28 3 17 0
20 21 15 3 28 29 1 23 25 4 30 11 8 2 9 0
4 14 9 18 2 10 29 5 17 19 7 1 3 12 20 0
27 9 21 13 16 2 25 3 22 24 17 19 29 28 1 0
15 28 11 16 23 20 19 24 9 2 22 4 6 7 5 0
18 24 30 1 6 23 14 17 20 2 8 28 29 4 19 0
18 19 3 29 8 26 7 14 27 20 17 12 13 21 22 0
5 19 23 12 17 14 11 24 20 1 18 8 13 21 28 0
30 3 16 13 15 27 17 5 26 1 14 11 22 24 4 0
9 27 4 26 6 3 30 14 15 12 18 24 5 28 23 0
5 4 27 19 3 22 29 17 6 10 21 9 28 18 14 0
10 22 5 1 15 27 6 23 24 20 26 7 8 16 13 0
20 3 17 22 27 13 12 5 10 21 23 16 28 15 2 0
18 21 29 15 23 30 12 8 6 20 24 28 5 11 26 0
18 23 30 15 24 20 7 9 5 4 26 11 27 1 25 0
11 15 8 10 27 30 4 1 25 3 22 12 17 21 26 0
11 24 19 7 6 17 16 2 9 10 12 21 20 5 15 0
30 19 11 24 22 25 6 8 15 1 10 17 21 5 26 0
1 20 28 10 22 25 30 14 15 18 2 12 3 8 4 0
3 17 24 18 21 20 11 9 19 2 1 13 14 8 29 0
3 15 22 5 9 10 13 4 7 28 21 30 11 25 14 0
4 18 7 17 27 14 10 30 12 25 22 21 29 23 15 0
14 3 25 17 27 8 2 21 22 11 9 7 10 6 13 0
22 11 8 30 3 12 19 24 6 14 10 5 29 26 18 0
20 6 4 8 30 2 12 13 11 14 23 24 29 26 10 0
1 12 23 28 21 25 11 17 9 4 13 16 3 14 20 0
15 17 30 18 23 5 2 8 3 21 4 13 27 11 25 0
8 14 3 16 17 15 24 20 13 26 29 4 1 25 28 0
15 29 10 21 25 20 16 9 23 14 18 1 30 24 19 0
6 28 7 4 23 20 16 26 27 18 3 2 14 25 22 0
30 25 7 14 8 16 6 9 21 18 24 11 5 1 13 0
12 23 8 19 17 1 18 4 30 10 5 25 11 28 14 0
9 21 10 25 7 11 14 29 6 3 15 2 19 30 23 0
17 10 9 29 19 4 26 1 14 20 8 23 18 30 5 0
15 2 23 13 30 14 5 16 22 24 17 28 12 29 4 0
19 8 25 15 26 7 27 17 12 2 18 30 6 22 23 0
26 29 20 30 13 27 25 18 5 16 19 10 12 17 6 0
20 28 29 22 15 13 1 19 14 11 30 25 10 12 5 0
29 4 1 24 19 20 25 22 6 12 26 10 17 16 30 0
24 22 12 7 14 28 17 25 10 13 23 5 9 15 2 0
3 29 30 25 10 16 26 19 4 12 2 11 8 22 1 0
21 11 17 7 12 22 16 4 27 24 20 26 8 6 19 0
19 7 5 21 1 13 4 23 3 14 2 25 22 17 29 0
13 1 9 3 26 11 12 23 21 30 29 8 15 14 2 0
28 7 3 22 25 23 15 30 20 29 19 14 24 17 5 0
9 14 26 30 7 20 8 21 3 10 18 1 12 29 15 0
5 20 22 16 18 10 27 9 23 21 17 8 13 11 6 0
30 2 1 11 12 4 21 18 25 22 9 10 28 17 3 0
27 26 16 1 11 7 8 28 4 15 30 2 10 20 25 0
27 6 16 28 7 17 30 4 9 24 14 18 10 13 3 0
10 15 2 20 23 29 24 22 19 30 21 12 1 6 7 0
22 16 5 30 7 8 1 13 17 18 29 23 6 14 28 0
4 28 19 14 9 25 11 10 23 29 8 6 7 12 5 0
13 11 26 24 23 7 3 5 30 8 10 4 27 1 15 0
27 11 23 13 21 24 5 10 17 4 6 30 7 2 22 0
6 18 28 30 22 27 8 23 4 11 24 25 19 17 12 0
3 7 18 2 5 11 28 26 16 15 23 29 12 14 21 0
11 10 18 25 20 14 9 16 24 2 27 22 4 3 1 0
28 29 11 17 24 26 1 8 3 21 19 16 12 22 6 0
2 17 12 5 3 1 29 25 4 18 23 14 16 26 11 0
20 25 28 10 2 3 19 6 4 12 11 7 15 5 14 0
20 10 9 28 3 4 13 6 12 8 17 1 26 30 27 0
14 6 1 26 16 29 2 18 8 28 15 4 3 27 11 0
16 8 6 20 14 18 19 22 10 21 12 9 1 23 30 0
21 24 18 15 12 29 25 19 7 1 30 10 13 23 9 0
30 23 15 14 5 9 1 25 21 17 11 6 20 22 7 0
22 30 10 1 18 4 12 11 16 8 26 25 2 5 28 0
18 28 15 30 14 25 5 27 3 24 10 4 29 17 21 0
4 19 12 27 28 17 24 7 14 30 3 13 11 21 8 0
26 1 24 28 25 27 8 11 2 16 14 15 29 5 4 0
22 11 9 14 19 7 12 1 24 30 4 16 23 10 20 0
11 17 22 12 24 18 26 13 28 8 16 1 21 9 19 0
12 18 28 23 13 2 16 19 1 4 30 25 17 20 7 0
21 14 4 20 26 27 11 5 22 29 8 10 18 19 2 0
25 6 2 28 18 3 8 9 27 13 4 16 30 26 5 0
5 30 23 7 9 24 10 29 22 3 18 19 21 20 12 0
2 24 20 18 23 14 10 19 30 4 16 25 3 26 17 0
29 12 27 19 1 30 13 16 6 5 10 20 23 22 2 0
15 18 27 7 19 21 10 14 17 4 22 25 29 24 11 0
7 16 3 25 27 22 17 21 30 19 28 4 6 5 11 0
5 30 25 19 6 4 13 28 7 23 15 11 16 29 8 0
26 23 14 29 20 2 3 7 17 30 12 22 19 9 16 0
30 11 1 15 8 21 16 13 20 6 3 22 17 25 24 0
14 27 12 8 3 9 18 24 10 1 4 30 20 6 19 0
22 30 13 19 15 26 8 1 2 14 11 12 28 23 3 0
17 3 5 22 13 18 25 29 27 6 23 12 20 15 4 0
29 15 17 28 26 6 12 30 3 19 24 2 14 23 10 0
10 5 7 24 16 26 9 20 21 29 18 13 4 3 23 0
6 23 20 24 16 14 17 30 18 10 2 25 11 28 1 0
23 15 7 10 27 11 30 5 28 4 14 9 25 1 8 0
27 17 16 7 12 13 29 4 28 6 30 5 8 19 24 0
23 10 28 1 2 8 18 6 13 15 14 29 30 12 4 0
29 8 22 26 5 25 1 28 20 4 12 27 11 16 18 0
25 21 19 26 12 18 29 7 8 28 3 24 20 16 10 0
6 10 24 1 5 26 7 14 21 28 16 8 3 9 20 0
21 20 6 7 30 3 16 23 13 19 28 29 25 8 15 0
4 18 23 3 17 21 16 19 27 9 13 24 15 26 28 0
27 14 18 17 30 29 11 7 20 3 10 5 15 22 13 0
29 1 14 26 18 19 8 21 7 30 16 13 5 20 4 0
15 18 23 2 12 21 3 17 28 16 29 1 10 20 30 0
26 19 7 14 3 30 21 17 18 13 11 29 5 23 27 0
2 5 9 25 6 30 4 19 26 13 24 8 12 16 21 0
8 18 12 25 23 10 17 5 7 11 1 15 6 22 3 0
4 24 27 21 1 26 20 5 25 28 15 6 23 7 3 0
13 11 3 20 15 8 25 29 17 26 5 7 16 27 2 0
5 1 22 2 17 12 16 14 26 20 18 3 21 10 27 0
17 8 11 7 19 20 23 14 16 30 22 13 18 29 10 0
26 12 5 1 14 8 25 4 17 16 11 24 22 9 7 0
30 20 22 18 24 28 14 7 16 17 3 8 9 4 11 0
12 11 18 14 4 13 6 22 10 24 1 17 20 27 8 0
20 4 16 5 11 19 27 22 7 9 3 10 14 8 12 0
27 20 21 9 5 13 23 24 4 11 22 30 17 26 7 0
4 16 28 23 22 25 11 2 7 13 17 8 9 21 30 0
21 15 25 24 16 4 17 2 5 27 30 28 14 19 8 0
3 16 1 7 15 5 22 13 25 11 18 28 21 6 12 0
2 28 30 1 25 16 15 6 21 14 8 7 20 3 12 0
3 16 17 15 2 19 13 20 26 21 11 5 22 30 4 0
21 29 10 18 19 13 30 20 8 26 2 4 28 16 14 0
6 15 4 19 16 7 1 9 10 25 13 29 24 18 20 0
30 7 9 3 14 8 2 21 28 6 26 25 20 29 5 0
28 5 12 15 10 26 25 23 14 22 21 24 7 17 20 0
13 14 15 7 3 6 12 22 8 25 30 1 29 18 17 0
21 23 8 9 1 3 5 29 26 10 4 25 6 30 17 0
20 24 17 15 30 28 23 10 29 22 9 7 12 1 26 0
29 9 3 25 23 16 17 12 18 15 21 14 22 13 24 0
21 5 2 27 8 3 28 24 15 23 10 17 19 9 26 0
26 12 27 21 30 11 15 7 2 28 6 13 18 10 1 0
26 3 24 10 17 19 27 28 11 23 16 6 14 21 20 0
20 14 9 17 22 27 21 28 25 30 3 13 29 19 10 0
14 10 7 24 22 8 4 19 21 30 9 15 11 1 28 0
25 12 18 5 24 27 3 26 17 19 21 6 2 7 11 0
6 5 29 24 26 13 16 2 10 12 15 8 4 3 22 0
12 16 17 10 13 19 15 18 30 14 11 1 23 24 25 0
23 10 28 8 14 6 16 19 4 30 13 29 2 27 12 0
7 27 18 9 19 11 25 4 3 12 22 26 2 14 10 0
29 24 14 20 21 26 19 23 22 30 2 10 16 5 4 0
28 19 14 15 20 22 10 18 6 8 29 2 12 4 3 0
1 29 15 13 14 6 22 3 10 19 21 23 25 2 4 0
19 12 23 26 2 24 13 5 30 8 29 14 11 27 4 0
8 3 25 10 12 13 30 26 1 11 7 15 21 19 27 0
14 27 25 15 28 4 17 23 20 5 16 26 6 29 30 0
15 14 6 25 27 24 10 1 20 23 12 13 2 26 28 0
5 24 11 16 13 7 1 8 12 18 28 20 9 25 14 0
7 21 29 8 11 23 9 16 4 10 17 1 3 20 19 0
12 17 30 21 24 25 20 15 16 27 26 11 6 3 14 0
26 4 27 10 2 13 18 7 29 9 19 25 11 28 17 0
18 17 14 13 27 19 8 3 6 11 29 5 25 10 15 0
6 11 25 24 15 13 1 21 14 4 30 27 5 26 23 0
23 3 17 21 5 15 28 9 10 14 11 20 13 6 27 0
26 16 28 9 21 1 19 13 7 17 8 2 10 22 15 0
14 11 23 24 29 25 13 7 19 16 4 15 18 27 30 0
4 5 13 6 20 18 25 28 10 27 11 12 19 2 22 0
10 22 26 14 19 24 25 6 5 9 20 30 17 1 3 0
22 12 27 15 7 6 3 28 16 20 4 9 14 2 13 0
25 19 14 18 1 7 5 24 26 9 16 28 22 27 6 0
3 22 30 1 28 16 8 10 11 23 12 20 17 25 21 0
6 9 15 1 30 21 19 28 13 17 5 12 26 27 10 0
19 9 10 3 11 28 1 8 7 6 21 17 18 26 29 0
7 15 12 11 23 2 17 5 29 14 1 9 3 30 6 0
28 7 25 14 16 20 13 22 26 30 29 15 3 10 19 0
14 30 17 20 1 26 22 24 4 23 19 13 18 25 8 0
17 12 15 14 10 5 16 26 23 13 27 30 3 25 9 0
23 1 4 17 25 20 18 21 24 5 6 3 2 14 11 0
27 30 22 21 8 18 26 25 17 4 15 5 20 3 16 0
17 1 13 19 4 11 9 3 20 8 6 21 23 7 28 0
7 10 18 3 29 12 5 22 27 24 14 1 2 26 25 0
17 8 15 25 30 21 14 6 22 2 13 5 27 24 12 0
18 13 27 2 30 3 1 6 5 9 25 8 4 7 21 0
17 4 12 18 26 24 15 22 10 9 14 13 5 27 21 0
24 16 8 20 28 17 15 13 23 6 22 10 5 1 12 0
27 7 12 14 17 20 1 30 26 8 23 19 28 15 25 0
20 12 8 30 17 5 14 24 11 1 18 4 7 19 2 0
14 30 5 7 19 18 16 11 4 27 22 26 8 10 24 0
12 20 4 29 28 17 24 22 1 27 15 14 26 19 23 0
30 21 25 18 16 20 5 27 6 1 3 8 9 11 2 0
17 25 2 13 9 7 28 19 14 12 10 27 26 22 16 0
10 29 4 8 26 25 11 20 2 19 1 6 18 22 13 0
24 4 14 20 10 9 25 23 16 26 3 12 15 27 21 0
3 26 7 30 12 25 9 19 28 23 4 6 24 17 22 0
4 22 11 7 25 17 9 12 3 8 14 24 19 2 18 0
12 15 10 29 7 23 4 1 25 11 22 27 9 16 5 0
3 24 17 10 18 15 11 4 14 5 13 1 16 27 2 0
23 17 30 21 9 3 20 22 8 13 2 29 11 14 25 0
21 22 3 9 23 25 26 14 7 17 27 28 18 5 16 0
17 18 10 15 20 12 29 2 28 19 11 21 4 7 5 0
2 26 1 28 15 17 8 19 25 24 6 12 3 23 21 0
8 22 11 18 2 30 13 17 6 27 26 10 21 5 25 0
16 5 19 21 13 24 8 17 18 30 1 2 14 26 6 0
30 1 3 26 2 15 16 4 13 14 19 28 10 7 25 0
11 25 24 21 12 6 8 4 19 2 14 15 10 23 29 0
14 2 27 15 18 8 10 3 20 13 9 28 6 23 11 0
25 14 12 5 26 15 10 2 16 22 11 17 3 13 7 0
5 12 16 8 2 28 21 4 13 14 7 18 25 3 6 0
1 12 7 16 26 18 4 28 25 30 2 23 14 15 19 0
2 5 23 15 9 6 13 19 1 8 16 22 17 28 4 0
4 18 29 1 24 7 6 17 11 28 12 30 13 15 23 0
28 20 29 9 7 3 17 2 5 26 27 11 4 6 8 0
30 29 14 3 12 15 2 10 4 23 28 16 13 21 11 0
16 2 17 13 25 30 12 20 8 15 3 19 21 6 5 0
8 7 28 11 29 17 25 9 3 21 13 14 22 1 4 0
8 13 3 2 25 15 1 17 12 23 22 30 7 20 18 0
