STARTING ROUND 0:
Time to generate data in round 0: 439.44060039520264
Time to fit model in round 0: 125.86619234085083
Round 0weights:
[array([[ 0.00783923,  0.00783923,  0.00783923,  0.00783923],
       [ 1.4511892 ,  1.4511892 ,  1.4511892 ,  1.4511892 ],
       [ 0.8015661 ,  0.8015661 ,  0.8015661 ,  0.8015661 ],
       [ 0.16808352,  0.16808352,  0.16808352,  0.16808352],
       [-0.02201129, -0.02201129, -0.02201129, -0.02201129],
       [ 0.8512855 ,  0.8512855 ,  0.8512855 ,  0.8512855 ],
       [ 1.6319811 ,  1.6319811 ,  1.6319811 ,  1.6319811 ],
       [ 0.829403  ,  0.829403  ,  0.829403  ,  0.829403  ],
       [ 0.24386129,  0.24386129,  0.24386129,  0.24386129],
       [-0.20986019, -0.20986019, -0.20986019, -0.20986019],
       [ 0.54471886,  0.54471886,  0.54471886,  0.54471886]],
      dtype=float32), array([1.0726318, 1.0726318, 1.0726318, 1.0726318], dtype=float32), array([[0.07499135],
       [0.07499135],
       [0.07499135],
       [0.07499135]], dtype=float32), array([-0.546319], dtype=float32)]
Round 0graph string:
16 ( i  func 0 0.0  [ ] [ ] ) ( i  func 1 0.0  [ ] [ ] ) ( i  func 2 0.0  [ ] [ ] ) ( i  func 3 0.0  [ ] [ ] ) ( i  func 4 0.0  [ ] [ ] ) ( i  func 5 0.0  [ ] [ ] ) ( i  func 6 0.0  [ ] [ ] ) ( i  func 7 0.0  [ ] [ ] ) ( i  func 8 0.0  [ ] [ ] ) ( i  func 9 0.0  [ ] [ ] ) ( i  func 10 0.0  [ ] [ ] ) ( m relu 11 1.0726318359375 [ 0  1  2  3  4  5  6  7  8  9  10 ] [ 0.007839232683181763 1.4511891603469849 0.8015661239624023 0.16808351874351501 -0.02201129123568535 0.8512855172157288 1.6319811344146729 0.8294029831886292 0.24386128783226013 -0.2098601907491684 0.544718861579895 ] ) ( m relu 12 1.0726318359375 [ 0  1  2  3  4  5  6  7  8  9  10 ] [ 0.007839232683181763 1.4511891603469849 0.8015661239624023 0.16808351874351501 -0.02201129123568535 0.8512855172157288 1.6319811344146729 0.8294029831886292 0.24386128783226013 -0.2098601907491684 0.544718861579895 ] ) ( m relu 13 1.0726318359375 [ 0  1  2  3  4  5  6  7  8  9  10 ] [ 0.007839232683181763 1.4511891603469849 0.8015661239624023 0.16808351874351501 -0.02201129123568535 0.8512855172157288 1.6319811344146729 0.8294029831886292 0.24386128783226013 -0.2098601907491684 0.544718861579895 ] ) ( m relu 14 1.0726318359375 [ 0  1  2  3  4  5  6  7  8  9  10 ] [ 0.007839232683181763 1.4511891603469849 0.8015661239624023 0.16808351874351501 -0.02201129123568535 0.8512855172157288 1.6319811344146729 0.8294029831886292 0.24386128783226013 -0.2098601907491684 0.544718861579895 ] ) ( m sigmoid 15 -0.5463190078735352 [ 11  12  13  14 ] [ 0.07499135285615921 0.07499135285615921 0.07499135285615921 0.07499135285615921 ] ) 
Round 0 done

STARTING ROUND 1:
Time to generate data in round 1: 252.03405809402466
Time to fit model in round 1: 129.52047038078308
Round 1weights:
[array([[ 0.56716216,  0.56716216,  0.56716216,  0.56716216],
       [ 1.2243332 ,  1.2243332 ,  1.2243332 ,  1.2243332 ],
       [ 0.913429  ,  0.913429  ,  0.913429  ,  0.913429  ],
       [-0.06053187, -0.06053187, -0.06053187, -0.06053187],
       [-0.01237406, -0.01237406, -0.01237406, -0.01237406],
       [ 0.31059214,  0.31059214,  0.31059214,  0.31059214],
       [ 0.8454428 ,  0.8454428 ,  0.8454428 ,  0.8454428 ],
       [ 0.8383648 ,  0.8383648 ,  0.8383648 ,  0.8383648 ],
       [ 0.24794462,  0.24794462,  0.24794462,  0.24794462],
       [-0.5736754 , -0.5736754 , -0.5736754 , -0.5736754 ],
       [ 0.46836904,  0.46836904,  0.46836904,  0.46836904]],
      dtype=float32), array([1.5733917, 1.5733917, 1.5733917, 1.5733917], dtype=float32), array([[0.15057674],
       [0.15057674],
       [0.15057674],
       [0.15057674]], dtype=float32), array([-0.950996], dtype=float32)]
Round 1graph string:
16 ( i  func 0 0.0  [ ] [ ] ) ( i  func 1 0.0  [ ] [ ] ) ( i  func 2 0.0  [ ] [ ] ) ( i  func 3 0.0  [ ] [ ] ) ( i  func 4 0.0  [ ] [ ] ) ( i  func 5 0.0  [ ] [ ] ) ( i  func 6 0.0  [ ] [ ] ) ( i  func 7 0.0  [ ] [ ] ) ( i  func 8 0.0  [ ] [ ] ) ( i  func 9 0.0  [ ] [ ] ) ( i  func 10 0.0  [ ] [ ] ) ( m relu 11 1.5733916759490967 [ 0  1  2  3  4  5  6  7  8  9  10 ] [ 0.5671621561050415 1.2243331670761108 0.9134290218353271 -0.060531869530677795 -0.012374063022434711 0.3105921447277069 0.8454427719116211 0.8383647799491882 0.24794462323188782 -0.5736753940582275 0.4683690369129181 ] ) ( m relu 12 1.5733916759490967 [ 0  1  2  3  4  5  6  7  8  9  10 ] [ 0.5671621561050415 1.2243331670761108 0.9134290218353271 -0.060531869530677795 -0.012374063022434711 0.3105921447277069 0.8454427719116211 0.8383647799491882 0.24794462323188782 -0.5736753940582275 0.4683690369129181 ] ) ( m relu 13 1.5733916759490967 [ 0  1  2  3  4  5  6  7  8  9  10 ] [ 0.5671621561050415 1.2243331670761108 0.9134290218353271 -0.060531869530677795 -0.012374063022434711 0.3105921447277069 0.8454427719116211 0.8383647799491882 0.24794462323188782 -0.5736753940582275 0.4683690369129181 ] ) ( m relu 14 1.5733916759490967 [ 0  1  2  3  4  5  6  7  8  9  10 ] [ 0.5671621561050415 1.2243331670761108 0.9134290218353271 -0.060531869530677795 -0.012374063022434711 0.3105921447277069 0.8454427719116211 0.8383647799491882 0.24794462323188782 -0.5736753940582275 0.4683690369129181 ] ) ( m sigmoid 15 -0.9509959816932678 [ 11  12  13  14 ] [ 0.15057674050331116 0.15057674050331116 0.15057674050331116 0.15057674050331116 ] ) 
Round 1 done

STARTING ROUND 2:
Time to generate data in round 2: 238.77227210998535
Time to fit model in round 2: 129.2657642364502
Round 2weights:
[array([[ 0.38128105,  0.38128105,  0.38128105,  0.38128105],
       [ 1.0011244 ,  1.0011244 ,  1.0011244 ,  1.0011244 ],
       [ 0.87625384,  0.87625384,  0.87625384,  0.87625384],
       [-0.14199668, -0.14199668, -0.14199668, -0.14199668],
       [ 0.12818593,  0.12818593,  0.12818593,  0.12818593],
       [ 0.00497131,  0.00497131,  0.00497131,  0.00497131],
       [ 0.8730015 ,  0.8730015 ,  0.8730015 ,  0.8730015 ],
       [ 0.81253284,  0.81253284,  0.81253284,  0.81253284],
       [ 0.18752275,  0.18752275,  0.18752275,  0.18752275],
       [-0.501054  , -0.501054  , -0.501054  , -0.501054  ],
       [ 0.44564608,  0.44564608,  0.44564608,  0.44564608]],
      dtype=float32), array([1.6299808, 1.6299808, 1.6299808, 1.6299808], dtype=float32), array([[0.18777752],
       [0.18777752],
       [0.18777752],
       [0.18777752]], dtype=float32), array([-1.1675482], dtype=float32)]
Round 2graph string:
16 ( i  func 0 0.0  [ ] [ ] ) ( i  func 1 0.0  [ ] [ ] ) ( i  func 2 0.0  [ ] [ ] ) ( i  func 3 0.0  [ ] [ ] ) ( i  func 4 0.0  [ ] [ ] ) ( i  func 5 0.0  [ ] [ ] ) ( i  func 6 0.0  [ ] [ ] ) ( i  func 7 0.0  [ ] [ ] ) ( i  func 8 0.0  [ ] [ ] ) ( i  func 9 0.0  [ ] [ ] ) ( i  func 10 0.0  [ ] [ ] ) ( m relu 11 1.6299808025360107 [ 0  1  2  3  4  5  6  7  8  9  10 ] [ 0.3812810480594635 1.001124382019043 0.8762538433074951 -0.14199668169021606 0.1281859278678894 0.004971306771039963 0.8730015158653259 0.8125328421592712 0.187522754073143 -0.5010539889335632 0.4456460773944855 ] ) ( m relu 12 1.6299808025360107 [ 0  1  2  3  4  5  6  7  8  9  10 ] [ 0.3812810480594635 1.001124382019043 0.8762538433074951 -0.14199668169021606 0.1281859278678894 0.004971306771039963 0.8730015158653259 0.8125328421592712 0.187522754073143 -0.5010539889335632 0.4456460773944855 ] ) ( m relu 13 1.6299808025360107 [ 0  1  2  3  4  5  6  7  8  9  10 ] [ 0.3812810480594635 1.001124382019043 0.8762538433074951 -0.14199668169021606 0.1281859278678894 0.004971306771039963 0.8730015158653259 0.8125328421592712 0.187522754073143 -0.5010539889335632 0.4456460773944855 ] ) ( m relu 14 1.6299808025360107 [ 0  1  2  3  4  5  6  7  8  9  10 ] [ 0.3812810480594635 1.001124382019043 0.8762538433074951 -0.14199668169021606 0.1281859278678894 0.004971306771039963 0.8730015158653259 0.8125328421592712 0.187522754073143 -0.5010539889335632 0.4456460773944855 ] ) ( m sigmoid 15 -1.1675481796264648 [ 11  12  13  14 ] [ 0.18777751922607422 0.18777751922607422 0.18777751922607422 0.18777751922607422 ] ) 
Round 2 done

STARTING ROUND 3:
Time to generate data in round 3: 234.9160361289978
Time to fit model in round 3: 143.14852809906006
Round 3weights:
[array([[ 0.45534948,  0.45534948,  0.45534948,  0.45534948],
       [ 0.87528306,  0.87528306,  0.87528306,  0.87528306],
       [ 0.8910675 ,  0.8910675 ,  0.8910675 ,  0.8910675 ],
       [-0.21271122, -0.21271122, -0.21271122, -0.21271122],
       [ 0.20086128,  0.20086128,  0.20086128,  0.20086128],
       [-0.14423634, -0.14423634, -0.14423634, -0.14423634],
       [ 0.6999939 ,  0.6999939 ,  0.6999939 ,  0.6999939 ],
       [ 0.8227662 ,  0.8227662 ,  0.8227662 ,  0.8227662 ],
       [ 0.18644997,  0.18644997,  0.18644997,  0.18644997],
       [-0.4916252 , -0.4916252 , -0.4916252 , -0.4916252 ],
       [ 0.4575017 ,  0.4575017 ,  0.4575017 ,  0.4575017 ]],
      dtype=float32), array([1.5916511, 1.5916511, 1.5916511, 1.5916511], dtype=float32), array([[0.20058574],
       [0.20058574],
       [0.20058574],
       [0.20058574]], dtype=float32), array([-1.3752604], dtype=float32)]
Round 3graph string:
16 ( i  func 0 0.0  [ ] [ ] ) ( i  func 1 0.0  [ ] [ ] ) ( i  func 2 0.0  [ ] [ ] ) ( i  func 3 0.0  [ ] [ ] ) ( i  func 4 0.0  [ ] [ ] ) ( i  func 5 0.0  [ ] [ ] ) ( i  func 6 0.0  [ ] [ ] ) ( i  func 7 0.0  [ ] [ ] ) ( i  func 8 0.0  [ ] [ ] ) ( i  func 9 0.0  [ ] [ ] ) ( i  func 10 0.0  [ ] [ ] ) ( m relu 11 1.5916510820388794 [ 0  1  2  3  4  5  6  7  8  9  10 ] [ 0.45534947514533997 0.8752830624580383 0.8910675048828125 -0.21271121501922607 0.20086127519607544 -0.14423634111881256 0.699993908405304 0.8227661848068237 0.18644997477531433 -0.49162518978118896 0.45750170946121216 ] ) ( m relu 12 1.5916510820388794 [ 0  1  2  3  4  5  6  7  8  9  10 ] [ 0.45534947514533997 0.8752830624580383 0.8910675048828125 -0.21271121501922607 0.20086127519607544 -0.14423634111881256 0.699993908405304 0.8227661848068237 0.18644997477531433 -0.49162518978118896 0.45750170946121216 ] ) ( m relu 13 1.5916510820388794 [ 0  1  2  3  4  5  6  7  8  9  10 ] [ 0.45534947514533997 0.8752830624580383 0.8910675048828125 -0.21271121501922607 0.20086127519607544 -0.14423634111881256 0.699993908405304 0.8227661848068237 0.18644997477531433 -0.49162518978118896 0.45750170946121216 ] ) ( m relu 14 1.5916510820388794 [ 0  1  2  3  4  5  6  7  8  9  10 ] [ 0.45534947514533997 0.8752830624580383 0.8910675048828125 -0.21271121501922607 0.20086127519607544 -0.14423634111881256 0.699993908405304 0.8227661848068237 0.18644997477531433 -0.49162518978118896 0.45750170946121216 ] ) ( m sigmoid 15 -1.375260353088379 [ 11  12  13  14 ] [ 0.20058573782444 0.20058573782444 0.20058573782444 0.20058573782444 ] ) 
Round 3 done

STARTING ROUND 4:
