STARTING ROUND 0:
Time to generate data in round 0: 445.0351755619049
Time to fit model in round 0: 125.45490455627441
Round 0weights:
[array([[-0.08872718, -0.08872718, -0.08872718, -0.08872718],
       [ 1.4466411 ,  1.4466411 ,  1.4466411 ,  1.4466411 ],
       [ 0.7822554 ,  0.7822554 ,  0.7822554 ,  0.7822554 ],
       [-0.02438547, -0.02438547, -0.02438547, -0.02438547],
       [ 0.00348128,  0.00348128,  0.00348128,  0.00348128],
       [ 0.8852629 ,  0.8852629 ,  0.8852629 ,  0.8852629 ],
       [ 1.6248047 ,  1.6248047 ,  1.6248047 ,  1.6248047 ],
       [ 0.83634686,  0.83634686,  0.83634686,  0.83634686],
       [ 0.22670394,  0.22670394,  0.22670394,  0.22670394],
       [-0.14388743, -0.14388743, -0.14388743, -0.14388743],
       [ 0.50808203,  0.50808203,  0.50808203,  0.50808203]],
      dtype=float32), array([1.1100305, 1.1100305, 1.1100305, 1.1100305], dtype=float32), array([[0.08475588],
       [0.08475588],
       [0.08475588],
       [0.08475588]], dtype=float32), array([-0.5396441], dtype=float32)]
Round 0graph string:
16 ( i  func 0 0.0  [ ] [ ] ) ( i  func 1 0.0  [ ] [ ] ) ( i  func 2 0.0  [ ] [ ] ) ( i  func 3 0.0  [ ] [ ] ) ( i  func 4 0.0  [ ] [ ] ) ( i  func 5 0.0  [ ] [ ] ) ( i  func 6 0.0  [ ] [ ] ) ( i  func 7 0.0  [ ] [ ] ) ( i  func 8 0.0  [ ] [ ] ) ( i  func 9 0.0  [ ] [ ] ) ( i  func 10 0.0  [ ] [ ] ) ( m relu 11 1.1100305318832397 [ 0  1  2  3  4  5  6  7  8  9  10 ] [ -0.08872717618942261 1.4466410875320435 0.7822554111480713 -0.024385470896959305 0.0034812798257917166 0.8852629065513611 1.6248047351837158 0.8363468647003174 0.226703941822052 -0.14388743042945862 0.5080820322036743 ] ) ( m relu 12 1.1100305318832397 [ 0  1  2  3  4  5  6  7  8  9  10 ] [ -0.08872717618942261 1.4466410875320435 0.7822554111480713 -0.024385470896959305 0.0034812798257917166 0.8852629065513611 1.6248047351837158 0.8363468647003174 0.226703941822052 -0.14388743042945862 0.5080820322036743 ] ) ( m relu 13 1.1100305318832397 [ 0  1  2  3  4  5  6  7  8  9  10 ] [ -0.08872717618942261 1.4466410875320435 0.7822554111480713 -0.024385470896959305 0.0034812798257917166 0.8852629065513611 1.6248047351837158 0.8363468647003174 0.226703941822052 -0.14388743042945862 0.5080820322036743 ] ) ( m relu 14 1.1100305318832397 [ 0  1  2  3  4  5  6  7  8  9  10 ] [ -0.08872717618942261 1.4466410875320435 0.7822554111480713 -0.024385470896959305 0.0034812798257917166 0.8852629065513611 1.6248047351837158 0.8363468647003174 0.226703941822052 -0.14388743042945862 0.5080820322036743 ] ) ( m sigmoid 15 -0.5396441221237183 [ 11  12  13  14 ] [ 0.08475588262081146 0.08475588262081146 0.08475588262081146 0.08475588262081146 ] ) 
Round 0 done

STARTING ROUND 1:
Time to generate data in round 1: 242.7130045890808
Time to fit model in round 1: 120.01915740966797
Round 1weights:
[array([[ 0.3207174 ,  0.3207174 ,  0.3207174 ,  0.3207174 ],
       [ 1.0684032 ,  1.0684032 ,  1.0684032 ,  1.0684032 ],
       [ 0.8641438 ,  0.8641438 ,  0.8641438 ,  0.8641438 ],
       [ 0.04568703,  0.04568703,  0.04568703,  0.04568703],
       [-0.14086021, -0.14086021, -0.14086021, -0.14086021],
       [ 0.41843307,  0.41843307,  0.41843307,  0.41843307],
       [ 0.88752794,  0.88752794,  0.88752794,  0.88752794],
       [ 0.89763665,  0.89763665,  0.89763665,  0.89763665],
       [ 0.17485341,  0.17485341,  0.17485341,  0.17485341],
       [-0.57880086, -0.57880086, -0.57880086, -0.57880086],
       [ 0.47654822,  0.47654822,  0.47654822,  0.47654822]],
      dtype=float32), array([1.6050986, 1.6050986, 1.6050986, 1.6050986], dtype=float32), array([[0.16434757],
       [0.16434757],
       [0.16434757],
       [0.16434757]], dtype=float32), array([-1.0804222], dtype=float32)]
Round 1graph string:
16 ( i  func 0 0.0  [ ] [ ] ) ( i  func 1 0.0  [ ] [ ] ) ( i  func 2 0.0  [ ] [ ] ) ( i  func 3 0.0  [ ] [ ] ) ( i  func 4 0.0  [ ] [ ] ) ( i  func 5 0.0  [ ] [ ] ) ( i  func 6 0.0  [ ] [ ] ) ( i  func 7 0.0  [ ] [ ] ) ( i  func 8 0.0  [ ] [ ] ) ( i  func 9 0.0  [ ] [ ] ) ( i  func 10 0.0  [ ] [ ] ) ( m relu 11 1.6050986051559448 [ 0  1  2  3  4  5  6  7  8  9  10 ] [ 0.32071739435195923 1.0684032440185547 0.8641437888145447 0.04568703472614288 -0.14086021482944489 0.4184330701828003 0.8875279426574707 0.8976366519927979 0.17485341429710388 -0.5788008570671082 0.4765482246875763 ] ) ( m relu 12 1.6050986051559448 [ 0  1  2  3  4  5  6  7  8  9  10 ] [ 0.32071739435195923 1.0684032440185547 0.8641437888145447 0.04568703472614288 -0.14086021482944489 0.4184330701828003 0.8875279426574707 0.8976366519927979 0.17485341429710388 -0.5788008570671082 0.4765482246875763 ] ) ( m relu 13 1.6050986051559448 [ 0  1  2  3  4  5  6  7  8  9  10 ] [ 0.32071739435195923 1.0684032440185547 0.8641437888145447 0.04568703472614288 -0.14086021482944489 0.4184330701828003 0.8875279426574707 0.8976366519927979 0.17485341429710388 -0.5788008570671082 0.4765482246875763 ] ) ( m relu 14 1.6050986051559448 [ 0  1  2  3  4  5  6  7  8  9  10 ] [ 0.32071739435195923 1.0684032440185547 0.8641437888145447 0.04568703472614288 -0.14086021482944489 0.4184330701828003 0.8875279426574707 0.8976366519927979 0.17485341429710388 -0.5788008570671082 0.4765482246875763 ] ) ( m sigmoid 15 -1.0804221630096436 [ 11  12  13  14 ] [ 0.1643475741147995 0.1643475741147995 0.1643475741147995 0.1643475741147995 ] ) 
Round 1 done

STARTING ROUND 2:
Time to generate data in round 2: 255.64137172698975
Time to fit model in round 2: 139.72400903701782
Round 2weights:
[array([[ 0.3880178 ,  0.3880178 ,  0.3880178 ,  0.3880178 ],
       [ 0.60305023,  0.60305023,  0.60305023,  0.60305023],
       [ 0.8776065 ,  0.8776065 ,  0.8776065 ,  0.8776065 ],
       [-0.03029028, -0.03029028, -0.03029028, -0.03029028],
       [-0.07557712, -0.07557712, -0.07557712, -0.07557712],
       [ 0.15616657,  0.15616657,  0.15616657,  0.15616657],
       [ 0.786154  ,  0.786154  ,  0.786154  ,  0.786154  ],
       [ 0.95874953,  0.95874953,  0.95874953,  0.95874953],
       [ 0.03604149,  0.03604149,  0.03604149,  0.03604149],
       [-0.5386116 , -0.5386116 , -0.5386116 , -0.5386116 ],
       [ 0.49371153,  0.49371153,  0.49371153,  0.49371153]],
      dtype=float32), array([1.5364554, 1.5364554, 1.5364554, 1.5364554], dtype=float32), array([[0.21303156],
       [0.21303156],
       [0.21303156],
       [0.21303156]], dtype=float32), array([-1.2030318], dtype=float32)]
Round 2graph string:
16 ( i  func 0 0.0  [ ] [ ] ) ( i  func 1 0.0  [ ] [ ] ) ( i  func 2 0.0  [ ] [ ] ) ( i  func 3 0.0  [ ] [ ] ) ( i  func 4 0.0  [ ] [ ] ) ( i  func 5 0.0  [ ] [ ] ) ( i  func 6 0.0  [ ] [ ] ) ( i  func 7 0.0  [ ] [ ] ) ( i  func 8 0.0  [ ] [ ] ) ( i  func 9 0.0  [ ] [ ] ) ( i  func 10 0.0  [ ] [ ] ) ( m relu 11 1.5364553928375244 [ 0  1  2  3  4  5  6  7  8  9  10 ] [ 0.38801780343055725 0.6030502319335938 0.8776065111160278 -0.030290275812149048 -0.07557712495326996 0.15616656839847565 0.7861539721488953 0.958749532699585 0.036041487008333206 -0.5386115908622742 0.49371153116226196 ] ) ( m relu 12 1.5364553928375244 [ 0  1  2  3  4  5  6  7  8  9  10 ] [ 0.38801780343055725 0.6030502319335938 0.8776065111160278 -0.030290275812149048 -0.07557712495326996 0.15616656839847565 0.7861539721488953 0.958749532699585 0.036041487008333206 -0.5386115908622742 0.49371153116226196 ] ) ( m relu 13 1.5364553928375244 [ 0  1  2  3  4  5  6  7  8  9  10 ] [ 0.38801780343055725 0.6030502319335938 0.8776065111160278 -0.030290275812149048 -0.07557712495326996 0.15616656839847565 0.7861539721488953 0.958749532699585 0.036041487008333206 -0.5386115908622742 0.49371153116226196 ] ) ( m relu 14 1.5364553928375244 [ 0  1  2  3  4  5  6  7  8  9  10 ] [ 0.38801780343055725 0.6030502319335938 0.8776065111160278 -0.030290275812149048 -0.07557712495326996 0.15616656839847565 0.7861539721488953 0.958749532699585 0.036041487008333206 -0.5386115908622742 0.49371153116226196 ] ) ( m sigmoid 15 -1.2030317783355713 [ 11  12  13  14 ] [ 0.2130315601825714 0.2130315601825714 0.2130315601825714 0.2130315601825714 ] ) 
Round 2 done

STARTING ROUND 3:
Time to generate data in round 3: 269.5239956378937
Time to fit model in round 3: 134.71337246894836
Round 3weights:
[array([[ 0.25438187,  0.25438187,  0.25438187,  0.25438187],
       [ 0.3389421 ,  0.3389421 ,  0.3389421 ,  0.3389421 ],
       [ 0.850878  ,  0.850878  ,  0.850878  ,  0.850878  ],
       [-0.14566064, -0.14566064, -0.14566064, -0.14566064],
       [-0.33147812, -0.33147812, -0.33147812, -0.33147812],
       [ 0.33358255,  0.33358255,  0.33358255,  0.33358255],
       [ 0.8185515 ,  0.8185515 ,  0.8185515 ,  0.8185515 ],
       [ 0.93654794,  0.93654794,  0.93654794,  0.93654794],
       [ 0.16160458,  0.16160458,  0.16160458,  0.16160458],
       [-0.5373383 , -0.5373383 , -0.5373383 , -0.5373383 ],
       [ 0.5251817 ,  0.5251817 ,  0.5251817 ,  0.5251817 ]],
      dtype=float32), array([1.3291341, 1.3291341, 1.3291341, 1.3291341], dtype=float32), array([[0.22604126],
       [0.22604126],
       [0.22604126],
       [0.22604126]], dtype=float32), array([-1.1645678], dtype=float32)]
Round 3graph string:
16 ( i  func 0 0.0  [ ] [ ] ) ( i  func 1 0.0  [ ] [ ] ) ( i  func 2 0.0  [ ] [ ] ) ( i  func 3 0.0  [ ] [ ] ) ( i  func 4 0.0  [ ] [ ] ) ( i  func 5 0.0  [ ] [ ] ) ( i  func 6 0.0  [ ] [ ] ) ( i  func 7 0.0  [ ] [ ] ) ( i  func 8 0.0  [ ] [ ] ) ( i  func 9 0.0  [ ] [ ] ) ( i  func 10 0.0  [ ] [ ] ) ( m relu 11 1.3291341066360474 [ 0  1  2  3  4  5  6  7  8  9  10 ] [ 0.25438186526298523 0.33894211053848267 0.8508780002593994 -0.1456606388092041 -0.3314781188964844 0.3335825502872467 0.8185514807701111 0.9365479350090027 0.16160458326339722 -0.5373383164405823 0.5251817107200623 ] ) ( m relu 12 1.3291341066360474 [ 0  1  2  3  4  5  6  7  8  9  10 ] [ 0.25438186526298523 0.33894211053848267 0.8508780002593994 -0.1456606388092041 -0.3314781188964844 0.3335825502872467 0.8185514807701111 0.9365479350090027 0.16160458326339722 -0.5373383164405823 0.5251817107200623 ] ) ( m relu 13 1.3291341066360474 [ 0  1  2  3  4  5  6  7  8  9  10 ] [ 0.25438186526298523 0.33894211053848267 0.8508780002593994 -0.1456606388092041 -0.3314781188964844 0.3335825502872467 0.8185514807701111 0.9365479350090027 0.16160458326339722 -0.5373383164405823 0.5251817107200623 ] ) ( m relu 14 1.3291341066360474 [ 0  1  2  3  4  5  6  7  8  9  10 ] [ 0.25438186526298523 0.33894211053848267 0.8508780002593994 -0.1456606388092041 -0.3314781188964844 0.3335825502872467 0.8185514807701111 0.9365479350090027 0.16160458326339722 -0.5373383164405823 0.5251817107200623 ] ) ( m sigmoid 15 -1.1645678281784058 [ 11  12  13  14 ] [ 0.2260412573814392 0.2260412573814392 0.2260412573814392 0.2260412573814392 ] ) 
Round 3 done

STARTING ROUND 4:
Time to generate data in round 4: 237.7453908920288
Time to fit model in round 4: 130.96255373954773
Round 4weights:
[array([[ 0.11846446,  0.11846446,  0.11846446,  0.11846446],
       [ 0.557471  ,  0.557471  ,  0.557471  ,  0.557471  ],
       [ 0.8236943 ,  0.8236943 ,  0.8236943 ,  0.8236943 ],
       [-0.27108157, -0.27108157, -0.27108157, -0.27108157],
       [-0.2707183 , -0.2707183 , -0.2707183 , -0.2707183 ],
       [ 0.27407458,  0.27407458,  0.27407458,  0.27407458],
       [ 0.5428042 ,  0.5428042 ,  0.5428042 ,  0.5428042 ],
       [ 0.98905456,  0.98905456,  0.98905456,  0.98905456],
       [ 0.3090721 ,  0.3090721 ,  0.3090721 ,  0.3090721 ],
       [-0.3654196 , -0.3654196 , -0.3654196 , -0.3654196 ],
       [ 0.35391438,  0.35391438,  0.35391438,  0.35391438]],
      dtype=float32), array([1.3293533, 1.3293533, 1.3293533, 1.3293533], dtype=float32), array([[0.26414257],
       [0.26414257],
       [0.26414257],
       [0.26414257]], dtype=float32), array([-1.3788453], dtype=float32)]
Round 4graph string:
16 ( i  func 0 0.0  [ ] [ ] ) ( i  func 1 0.0  [ ] [ ] ) ( i  func 2 0.0  [ ] [ ] ) ( i  func 3 0.0  [ ] [ ] ) ( i  func 4 0.0  [ ] [ ] ) ( i  func 5 0.0  [ ] [ ] ) ( i  func 6 0.0  [ ] [ ] ) ( i  func 7 0.0  [ ] [ ] ) ( i  func 8 0.0  [ ] [ ] ) ( i  func 9 0.0  [ ] [ ] ) ( i  func 10 0.0  [ ] [ ] ) ( m relu 11 1.3293533325195312 [ 0  1  2  3  4  5  6  7  8  9  10 ] [ 0.11846445500850677 0.557470977306366 0.8236942887306213 -0.2710815668106079 -0.2707183063030243 0.27407458424568176 0.5428041815757751 0.9890545606613159 0.3090721070766449 -0.3654195964336395 0.35391438007354736 ] ) ( m relu 12 1.3293533325195312 [ 0  1  2  3  4  5  6  7  8  9  10 ] [ 0.11846445500850677 0.557470977306366 0.8236942887306213 -0.2710815668106079 -0.2707183063030243 0.27407458424568176 0.5428041815757751 0.9890545606613159 0.3090721070766449 -0.3654195964336395 0.35391438007354736 ] ) ( m relu 13 1.3293533325195312 [ 0  1  2  3  4  5  6  7  8  9  10 ] [ 0.11846445500850677 0.557470977306366 0.8236942887306213 -0.2710815668106079 -0.2707183063030243 0.27407458424568176 0.5428041815757751 0.9890545606613159 0.3090721070766449 -0.3654195964336395 0.35391438007354736 ] ) ( m relu 14 1.3293533325195312 [ 0  1  2  3  4  5  6  7  8  9  10 ] [ 0.11846445500850677 0.557470977306366 0.8236942887306213 -0.2710815668106079 -0.2707183063030243 0.27407458424568176 0.5428041815757751 0.9890545606613159 0.3090721070766449 -0.3654195964336395 0.35391438007354736 ] ) ( m sigmoid 15 -1.3788453340530396 [ 11  12  13  14 ] [ 0.26414257287979126 0.26414257287979126 0.26414257287979126 0.26414257287979126 ] ) 
Round 4 done

STARTING ROUND 5:
Time to generate data in round 5: 254.0150809288025
Time to fit model in round 5: 128.43406748771667
Round 5weights:
[array([[ 0.04204026,  0.04204026,  0.04204026,  0.04204026],
       [ 0.6083354 ,  0.6083354 ,  0.6083354 ,  0.6083354 ],
       [ 0.8084141 ,  0.8084141 ,  0.8084141 ,  0.8084141 ],
       [-0.07717849, -0.07717849, -0.07717849, -0.07717849],
       [-0.24638484, -0.24638484, -0.24638484, -0.24638484],
       [ 0.24659145,  0.24659145,  0.24659145,  0.24659145],
       [ 0.48794836,  0.48794836,  0.48794836,  0.48794836],
       [ 0.96259576,  0.96259576,  0.96259576,  0.96259576],
       [ 0.15567414,  0.15567414,  0.15567414,  0.15567414],
       [-0.35845083, -0.35845083, -0.35845083, -0.35845083],
       [ 0.35293594,  0.35293594,  0.35293594,  0.35293594]],
      dtype=float32), array([1.3083631, 1.3083631, 1.3083631, 1.3083631], dtype=float32), array([[0.2671913],
       [0.2671913],
       [0.2671913],
       [0.2671913]], dtype=float32), array([-1.4815203], dtype=float32)]
Round 5graph string:
16 ( i  func 0 0.0  [ ] [ ] ) ( i  func 1 0.0  [ ] [ ] ) ( i  func 2 0.0  [ ] [ ] ) ( i  func 3 0.0  [ ] [ ] ) ( i  func 4 0.0  [ ] [ ] ) ( i  func 5 0.0  [ ] [ ] ) ( i  func 6 0.0  [ ] [ ] ) ( i  func 7 0.0  [ ] [ ] ) ( i  func 8 0.0  [ ] [ ] ) ( i  func 9 0.0  [ ] [ ] ) ( i  func 10 0.0  [ ] [ ] ) ( m relu 11 1.3083630800247192 [ 0  1  2  3  4  5  6  7  8  9  10 ] [ 0.04204026237130165 0.6083353757858276 0.808414101600647 -0.07717849314212799 -0.24638484418392181 0.2465914487838745 0.48794835805892944 0.9625957608222961 0.15567414462566376 -0.35845082998275757 0.35293594002723694 ] ) ( m relu 12 1.3083630800247192 [ 0  1  2  3  4  5  6  7  8  9  10 ] [ 0.04204026237130165 0.6083353757858276 0.808414101600647 -0.07717849314212799 -0.24638484418392181 0.2465914487838745 0.48794835805892944 0.9625957608222961 0.15567414462566376 -0.35845082998275757 0.35293594002723694 ] ) ( m relu 13 1.3083630800247192 [ 0  1  2  3  4  5  6  7  8  9  10 ] [ 0.04204026237130165 0.6083353757858276 0.808414101600647 -0.07717849314212799 -0.24638484418392181 0.2465914487838745 0.48794835805892944 0.9625957608222961 0.15567414462566376 -0.35845082998275757 0.35293594002723694 ] ) ( m relu 14 1.3083630800247192 [ 0  1  2  3  4  5  6  7  8  9  10 ] [ 0.04204026237130165 0.6083353757858276 0.808414101600647 -0.07717849314212799 -0.24638484418392181 0.2465914487838745 0.48794835805892944 0.9625957608222961 0.15567414462566376 -0.35845082998275757 0.35293594002723694 ] ) ( m sigmoid 15 -1.4815202951431274 [ 11  12  13  14 ] [ 0.2671912908554077 0.2671912908554077 0.2671912908554077 0.2671912908554077 ] ) 
Round 5 done

STARTING ROUND 6:
Time to generate data in round 6: 278.40884017944336
Time to fit model in round 6: 136.94150137901306
Round 6weights:
[array([[ 0.17634608,  0.17634608,  0.17634608,  0.17634608],
       [ 0.5065535 ,  0.5065535 ,  0.5065535 ,  0.5065535 ],
       [ 0.8352728 ,  0.8352728 ,  0.8352728 ,  0.8352728 ],
       [-0.22927819, -0.22927819, -0.22927819, -0.22927819],
       [-0.26642862, -0.26642862, -0.26642862, -0.26642862],
       [ 0.26545244,  0.26545244,  0.26545244,  0.26545244],
       [ 0.37366974,  0.37366974,  0.37366974,  0.37366974],
       [ 1.0123217 ,  1.0123217 ,  1.0123217 ,  1.0123217 ],
       [ 0.21804443,  0.21804443,  0.21804443,  0.21804443],
       [-0.2507597 , -0.2507597 , -0.2507597 , -0.2507597 ],
       [ 0.24875498,  0.24875498,  0.24875498,  0.24875498]],
      dtype=float32), array([1.2580289, 1.2580289, 1.2580289, 1.2580289], dtype=float32), array([[0.31343818],
       [0.31343818],
       [0.31343818],
       [0.31343818]], dtype=float32), array([-1.634467], dtype=float32)]
Round 6graph string:
16 ( i  func 0 0.0  [ ] [ ] ) ( i  func 1 0.0  [ ] [ ] ) ( i  func 2 0.0  [ ] [ ] ) ( i  func 3 0.0  [ ] [ ] ) ( i  func 4 0.0  [ ] [ ] ) ( i  func 5 0.0  [ ] [ ] ) ( i  func 6 0.0  [ ] [ ] ) ( i  func 7 0.0  [ ] [ ] ) ( i  func 8 0.0  [ ] [ ] ) ( i  func 9 0.0  [ ] [ ] ) ( i  func 10 0.0  [ ] [ ] ) ( m relu 11 1.2580288648605347 [ 0  1  2  3  4  5  6  7  8  9  10 ] [ 0.1763460785150528 0.5065534710884094 0.8352727890014648 -0.22927819192409515 -0.2664286196231842 0.26545244455337524 0.37366974353790283 1.0123217105865479 0.2180444300174713 -0.25075969099998474 0.24875497817993164 ] ) ( m relu 12 1.2580288648605347 [ 0  1  2  3  4  5  6  7  8  9  10 ] [ 0.1763460785150528 0.5065534710884094 0.8352727890014648 -0.22927819192409515 -0.2664286196231842 0.26545244455337524 0.37366974353790283 1.0123217105865479 0.2180444300174713 -0.25075969099998474 0.24875497817993164 ] ) ( m relu 13 1.2580288648605347 [ 0  1  2  3  4  5  6  7  8  9  10 ] [ 0.1763460785150528 0.5065534710884094 0.8352727890014648 -0.22927819192409515 -0.2664286196231842 0.26545244455337524 0.37366974353790283 1.0123217105865479 0.2180444300174713 -0.25075969099998474 0.24875497817993164 ] ) ( m relu 14 1.2580288648605347 [ 0  1  2  3  4  5  6  7  8  9  10 ] [ 0.1763460785150528 0.5065534710884094 0.8352727890014648 -0.22927819192409515 -0.2664286196231842 0.26545244455337524 0.37366974353790283 1.0123217105865479 0.2180444300174713 -0.25075969099998474 0.24875497817993164 ] ) ( m sigmoid 15 -1.6344670057296753 [ 11  12  13  14 ] [ 0.31343817710876465 0.31343817710876465 0.31343817710876465 0.31343817710876465 ] ) 
Round 6 done

STARTING ROUND 7:
Time to generate data in round 7: 255.32738065719604
Time to fit model in round 7: 133.94300198554993
Round 7weights:
[array([[ 0.07207967,  0.07207967,  0.07207967,  0.07207967],
       [ 0.43882182,  0.43882182,  0.43882182,  0.43882182],
       [ 0.8144217 ,  0.8144217 ,  0.8144217 ,  0.8144217 ],
       [-0.22639088, -0.22639088, -0.22639088, -0.22639088],
       [-0.16378805, -0.16378805, -0.16378805, -0.16378805],
       [ 0.1695254 ,  0.1695254 ,  0.1695254 ,  0.1695254 ],
       [ 0.5826833 ,  0.5826833 ,  0.5826833 ,  0.5826833 ],
       [ 0.954664  ,  0.954664  ,  0.954664  ,  0.954664  ],
       [ 0.18770976,  0.18770976,  0.18770976,  0.18770976],
       [-0.28249708, -0.28249708, -0.28249708, -0.28249708],
       [ 0.27987853,  0.27987853,  0.27987853,  0.27987853]],
      dtype=float32), array([1.2306322, 1.2306322, 1.2306322, 1.2306322], dtype=float32), array([[0.3175489],
       [0.3175489],
       [0.3175489],
       [0.3175489]], dtype=float32), array([-1.5241326], dtype=float32)]
Round 7graph string:
16 ( i  func 0 0.0  [ ] [ ] ) ( i  func 1 0.0  [ ] [ ] ) ( i  func 2 0.0  [ ] [ ] ) ( i  func 3 0.0  [ ] [ ] ) ( i  func 4 0.0  [ ] [ ] ) ( i  func 5 0.0  [ ] [ ] ) ( i  func 6 0.0  [ ] [ ] ) ( i  func 7 0.0  [ ] [ ] ) ( i  func 8 0.0  [ ] [ ] ) ( i  func 9 0.0  [ ] [ ] ) ( i  func 10 0.0  [ ] [ ] ) ( m relu 11 1.2306321859359741 [ 0  1  2  3  4  5  6  7  8  9  10 ] [ 0.07207967340946198 0.43882182240486145 0.8144217133522034 -0.22639088332653046 -0.1637880504131317 0.1695253998041153 0.5826833248138428 0.9546639919281006 0.1877097636461258 -0.2824970781803131 0.27987852692604065 ] ) ( m relu 12 1.2306321859359741 [ 0  1  2  3  4  5  6  7  8  9  10 ] [ 0.07207967340946198 0.43882182240486145 0.8144217133522034 -0.22639088332653046 -0.1637880504131317 0.1695253998041153 0.5826833248138428 0.9546639919281006 0.1877097636461258 -0.2824970781803131 0.27987852692604065 ] ) ( m relu 13 1.2306321859359741 [ 0  1  2  3  4  5  6  7  8  9  10 ] [ 0.07207967340946198 0.43882182240486145 0.8144217133522034 -0.22639088332653046 -0.1637880504131317 0.1695253998041153 0.5826833248138428 0.9546639919281006 0.1877097636461258 -0.2824970781803131 0.27987852692604065 ] ) ( m relu 14 1.2306321859359741 [ 0  1  2  3  4  5  6  7  8  9  10 ] [ 0.07207967340946198 0.43882182240486145 0.8144217133522034 -0.22639088332653046 -0.1637880504131317 0.1695253998041153 0.5826833248138428 0.9546639919281006 0.1877097636461258 -0.2824970781803131 0.27987852692604065 ] ) ( m sigmoid 15 -1.5241326093673706 [ 11  12  13  14 ] [ 0.3175489008426666 0.3175489008426666 0.3175489008426666 0.3175489008426666 ] ) 
Round 7 done

STARTING ROUND 8:
Time to generate data in round 8: 245.81434798240662
Time to fit model in round 8: 128.82266998291016
Round 8weights:
[array([[ 0.021004  ,  0.021004  ,  0.021004  ,  0.021004  ],
       [ 0.5255908 ,  0.5255908 ,  0.5255908 ,  0.5255908 ],
       [ 0.8042014 ,  0.8042014 ,  0.8042014 ,  0.8042014 ],
       [-0.16929784, -0.16929784, -0.16929784, -0.16929784],
       [-0.15317374, -0.15317374, -0.15317374, -0.15317374],
       [ 0.15600175,  0.15600175,  0.15600175,  0.15600175],
       [ 0.45895842,  0.45895842,  0.45895842,  0.45895842],
       [ 0.9449677 ,  0.9449677 ,  0.9449677 ,  0.9449677 ],
       [ 0.2861799 ,  0.2861799 ,  0.2861799 ,  0.2861799 ],
       [-0.3365003 , -0.3365003 , -0.3365003 , -0.3365003 ],
       [ 0.33772564,  0.33772564,  0.33772564,  0.33772564]],
      dtype=float32), array([1.1887914, 1.1887914, 1.1887914, 1.1887914], dtype=float32), array([[0.34834728],
       [0.34834728],
       [0.34834728],
       [0.34834728]], dtype=float32), array([-1.6247791], dtype=float32)]
Round 8graph string:
16 ( i  func 0 0.0  [ ] [ ] ) ( i  func 1 0.0  [ ] [ ] ) ( i  func 2 0.0  [ ] [ ] ) ( i  func 3 0.0  [ ] [ ] ) ( i  func 4 0.0  [ ] [ ] ) ( i  func 5 0.0  [ ] [ ] ) ( i  func 6 0.0  [ ] [ ] ) ( i  func 7 0.0  [ ] [ ] ) ( i  func 8 0.0  [ ] [ ] ) ( i  func 9 0.0  [ ] [ ] ) ( i  func 10 0.0  [ ] [ ] ) ( m relu 11 1.1887913942337036 [ 0  1  2  3  4  5  6  7  8  9  10 ] [ 0.021003998816013336 0.5255907773971558 0.8042014241218567 -0.16929784417152405 -0.15317374467849731 0.1560017466545105 0.4589584171772003 0.9449676871299744 0.28617990016937256 -0.33650028705596924 0.3377256393432617 ] ) ( m relu 12 1.1887913942337036 [ 0  1  2  3  4  5  6  7  8  9  10 ] [ 0.021003998816013336 0.5255907773971558 0.8042014241218567 -0.16929784417152405 -0.15317374467849731 0.1560017466545105 0.4589584171772003 0.9449676871299744 0.28617990016937256 -0.33650028705596924 0.3377256393432617 ] ) ( m relu 13 1.1887913942337036 [ 0  1  2  3  4  5  6  7  8  9  10 ] [ 0.021003998816013336 0.5255907773971558 0.8042014241218567 -0.16929784417152405 -0.15317374467849731 0.1560017466545105 0.4589584171772003 0.9449676871299744 0.28617990016937256 -0.33650028705596924 0.3377256393432617 ] ) ( m relu 14 1.1887913942337036 [ 0  1  2  3  4  5  6  7  8  9  10 ] [ 0.021003998816013336 0.5255907773971558 0.8042014241218567 -0.16929784417152405 -0.15317374467849731 0.1560017466545105 0.4589584171772003 0.9449676871299744 0.28617990016937256 -0.33650028705596924 0.3377256393432617 ] ) ( m sigmoid 15 -1.6247791051864624 [ 11  12  13  14 ] [ 0.3483472764492035 0.3483472764492035 0.3483472764492035 0.3483472764492035 ] ) 
Round 8 done

STARTING ROUND 9:
Time to generate data in round 9: 267.4842667579651
Time to fit model in round 9: 132.3735852241516
Round 9weights:
[array([[ 0.02443007,  0.02443007,  0.02443007,  0.02443007],
       [ 0.5758917 ,  0.5758917 ,  0.5758917 ,  0.5758917 ],
       [ 0.8048836 ,  0.8048836 ,  0.8048836 ,  0.8048836 ],
       [-0.16090667, -0.16090667, -0.16090667, -0.16090667],
       [-0.20593159, -0.20593159, -0.20593159, -0.20593159],
       [ 0.20648077,  0.20648077,  0.20648077,  0.20648077],
       [ 0.28348118,  0.28348118,  0.28348118,  0.28348118],
       [ 0.99683344,  0.99683344,  0.99683344,  0.99683344],
       [ 0.2533135 ,  0.2533135 ,  0.2533135 ,  0.2533135 ],
       [-0.24116725, -0.24116725, -0.24116725, -0.24116725],
       [ 0.24262297,  0.24262297,  0.24262297,  0.24262297]],
      dtype=float32), array([1.1768167, 1.1768167, 1.1768167, 1.1768167], dtype=float32), array([[0.34643966],
       [0.34643966],
       [0.34643966],
       [0.34643966]], dtype=float32), array([-1.5916908], dtype=float32)]
Round 9graph string:
16 ( i  func 0 0.0  [ ] [ ] ) ( i  func 1 0.0  [ ] [ ] ) ( i  func 2 0.0  [ ] [ ] ) ( i  func 3 0.0  [ ] [ ] ) ( i  func 4 0.0  [ ] [ ] ) ( i  func 5 0.0  [ ] [ ] ) ( i  func 6 0.0  [ ] [ ] ) ( i  func 7 0.0  [ ] [ ] ) ( i  func 8 0.0  [ ] [ ] ) ( i  func 9 0.0  [ ] [ ] ) ( i  func 10 0.0  [ ] [ ] ) ( m relu 11 1.176816701889038 [ 0  1  2  3  4  5  6  7  8  9  10 ] [ 0.02443007193505764 0.5758916735649109 0.804883599281311 -0.16090667247772217 -0.20593158900737762 0.20648077130317688 0.2834811806678772 0.9968334436416626 0.25331351161003113 -0.24116724729537964 0.242622971534729 ] ) ( m relu 12 1.176816701889038 [ 0  1  2  3  4  5  6  7  8  9  10 ] [ 0.02443007193505764 0.5758916735649109 0.804883599281311 -0.16090667247772217 -0.20593158900737762 0.20648077130317688 0.2834811806678772 0.9968334436416626 0.25331351161003113 -0.24116724729537964 0.242622971534729 ] ) ( m relu 13 1.176816701889038 [ 0  1  2  3  4  5  6  7  8  9  10 ] [ 0.02443007193505764 0.5758916735649109 0.804883599281311 -0.16090667247772217 -0.20593158900737762 0.20648077130317688 0.2834811806678772 0.9968334436416626 0.25331351161003113 -0.24116724729537964 0.242622971534729 ] ) ( m relu 14 1.176816701889038 [ 0  1  2  3  4  5  6  7  8  9  10 ] [ 0.02443007193505764 0.5758916735649109 0.804883599281311 -0.16090667247772217 -0.20593158900737762 0.20648077130317688 0.2834811806678772 0.9968334436416626 0.25331351161003113 -0.24116724729537964 0.242622971534729 ] ) ( m sigmoid 15 -1.5916907787322998 [ 11  12  13  14 ] [ 0.3464396595954895 0.3464396595954895 0.3464396595954895 0.3464396595954895 ] ) 
Round 9 done

STARTING ROUND 10:
Time to generate data in round 10: 275.72859835624695
Time to fit model in round 10: 131.43926811218262
Round 10weights:
[array([[ 0.07248313,  0.07248313,  0.07248313,  0.07248313],
       [ 0.42599475,  0.42599475,  0.42599475,  0.42599475],
       [ 0.81449395,  0.81449395,  0.81449395,  0.81449395],
       [-0.09144693, -0.09144693, -0.09144693, -0.09144693],
       [-0.21685092, -0.21685092, -0.21685092, -0.21685092],
       [ 0.216203  ,  0.216203  ,  0.216203  ,  0.216203  ],
       [ 0.38425034,  0.38425034,  0.38425034,  0.38425034],
       [ 0.97008324,  0.97008324,  0.97008324,  0.97008324],
       [ 0.12851177,  0.12851177,  0.12851177,  0.12851177],
       [-0.3318604 , -0.3318604 , -0.3318604 , -0.3318604 ],
       [ 0.32881024,  0.32881024,  0.32881024,  0.32881024]],
      dtype=float32), array([1.1687014, 1.1687014, 1.1687014, 1.1687014], dtype=float32), array([[0.32542473],
       [0.32542473],
       [0.32542473],
       [0.32542473]], dtype=float32), array([-1.5815318], dtype=float32)]
Round 10graph string:
16 ( i  func 0 0.0  [ ] [ ] ) ( i  func 1 0.0  [ ] [ ] ) ( i  func 2 0.0  [ ] [ ] ) ( i  func 3 0.0  [ ] [ ] ) ( i  func 4 0.0  [ ] [ ] ) ( i  func 5 0.0  [ ] [ ] ) ( i  func 6 0.0  [ ] [ ] ) ( i  func 7 0.0  [ ] [ ] ) ( i  func 8 0.0  [ ] [ ] ) ( i  func 9 0.0  [ ] [ ] ) ( i  func 10 0.0  [ ] [ ] ) ( m relu 11 1.168701410293579 [ 0  1  2  3  4  5  6  7  8  9  10 ] [ 0.072483129799366 0.42599475383758545 0.8144939541816711 -0.09144692867994308 -0.21685092151165009 0.2162030041217804 0.38425034284591675 0.9700832366943359 0.12851177155971527 -0.33186039328575134 0.3288102447986603 ] ) ( m relu 12 1.168701410293579 [ 0  1  2  3  4  5  6  7  8  9  10 ] [ 0.072483129799366 0.42599475383758545 0.8144939541816711 -0.09144692867994308 -0.21685092151165009 0.2162030041217804 0.38425034284591675 0.9700832366943359 0.12851177155971527 -0.33186039328575134 0.3288102447986603 ] ) ( m relu 13 1.168701410293579 [ 0  1  2  3  4  5  6  7  8  9  10 ] [ 0.072483129799366 0.42599475383758545 0.8144939541816711 -0.09144692867994308 -0.21685092151165009 0.2162030041217804 0.38425034284591675 0.9700832366943359 0.12851177155971527 -0.33186039328575134 0.3288102447986603 ] ) ( m relu 14 1.168701410293579 [ 0  1  2  3  4  5  6  7  8  9  10 ] [ 0.072483129799366 0.42599475383758545 0.8144939541816711 -0.09144692867994308 -0.21685092151165009 0.2162030041217804 0.38425034284591675 0.9700832366943359 0.12851177155971527 -0.33186039328575134 0.3288102447986603 ] ) ( m sigmoid 15 -1.5815317630767822 [ 11  12  13  14 ] [ 0.3254247307777405 0.3254247307777405 0.3254247307777405 0.3254247307777405 ] ) 
Round 10 done

STARTING ROUND 11:
Time to generate data in round 11: 249.3140664100647
Time to fit model in round 11: 135.10963106155396
Round 11weights:
[array([[ 0.07525422,  0.07525422,  0.07525422,  0.07525422],
       [ 0.44233167,  0.44233167,  0.44233167,  0.44233167],
       [ 0.81504697,  0.81504697,  0.81504697,  0.81504697],
       [-0.17520268, -0.17520268, -0.17520268, -0.17520268],
       [-0.20361403, -0.20361403, -0.20361403, -0.20361403],
       [ 0.20106728,  0.20106728,  0.20106728,  0.20106728],
       [ 0.4142998 ,  0.4142998 ,  0.4142998 ,  0.4142998 ],
       [ 0.9931564 ,  0.9931564 ,  0.9931564 ,  0.9931564 ],
       [ 0.22345708,  0.22345708,  0.22345708,  0.22345708],
       [-0.23806408, -0.23806408, -0.23806408, -0.23806408],
       [ 0.24084003,  0.24084003,  0.24084003,  0.24084003]],
      dtype=float32), array([1.1439627, 1.1439627, 1.1439627, 1.1439627], dtype=float32), array([[0.35698122],
       [0.35698122],
       [0.35698122],
       [0.35698122]], dtype=float32), array([-1.6071196], dtype=float32)]
Round 11graph string:
16 ( i  func 0 0.0  [ ] [ ] ) ( i  func 1 0.0  [ ] [ ] ) ( i  func 2 0.0  [ ] [ ] ) ( i  func 3 0.0  [ ] [ ] ) ( i  func 4 0.0  [ ] [ ] ) ( i  func 5 0.0  [ ] [ ] ) ( i  func 6 0.0  [ ] [ ] ) ( i  func 7 0.0  [ ] [ ] ) ( i  func 8 0.0  [ ] [ ] ) ( i  func 9 0.0  [ ] [ ] ) ( i  func 10 0.0  [ ] [ ] ) ( m relu 11 1.1439627408981323 [ 0  1  2  3  4  5  6  7  8  9  10 ] [ 0.07525422424077988 0.4423316717147827 0.8150469660758972 -0.17520268261432648 -0.2036140263080597 0.20106728374958038 0.41429978609085083 0.993156373500824 0.22345708310604095 -0.23806408047676086 0.24084003269672394 ] ) ( m relu 12 1.1439627408981323 [ 0  1  2  3  4  5  6  7  8  9  10 ] [ 0.07525422424077988 0.4423316717147827 0.8150469660758972 -0.17520268261432648 -0.2036140263080597 0.20106728374958038 0.41429978609085083 0.993156373500824 0.22345708310604095 -0.23806408047676086 0.24084003269672394 ] ) ( m relu 13 1.1439627408981323 [ 0  1  2  3  4  5  6  7  8  9  10 ] [ 0.07525422424077988 0.4423316717147827 0.8150469660758972 -0.17520268261432648 -0.2036140263080597 0.20106728374958038 0.41429978609085083 0.993156373500824 0.22345708310604095 -0.23806408047676086 0.24084003269672394 ] ) ( m relu 14 1.1439627408981323 [ 0  1  2  3  4  5  6  7  8  9  10 ] [ 0.07525422424077988 0.4423316717147827 0.8150469660758972 -0.17520268261432648 -0.2036140263080597 0.20106728374958038 0.41429978609085083 0.993156373500824 0.22345708310604095 -0.23806408047676086 0.24084003269672394 ] ) ( m sigmoid 15 -1.6071195602416992 [ 11  12  13  14 ] [ 0.35698121786117554 0.35698121786117554 0.35698121786117554 0.35698121786117554 ] ) 
Round 11 done

STARTING ROUND 12:
Time to generate data in round 12: 246.07178735733032
Time to fit model in round 12: 131.6486349105835
Round 12weights:
[array([[ 0.07381734,  0.07381734,  0.07381734,  0.07381734],
       [ 0.5122899 ,  0.5122899 ,  0.5122899 ,  0.5122899 ],
       [ 0.81475544,  0.81475544,  0.81475544,  0.81475544],
       [-0.09416839, -0.09416839, -0.09416839, -0.09416839],
       [-0.12009312, -0.12009312, -0.12009312, -0.12009312],
       [ 0.11730447,  0.11730447,  0.11730447,  0.11730447],
       [ 0.35334873,  0.35334873,  0.35334873,  0.35334873],
       [ 1.0099238 ,  1.0099238 ,  1.0099238 ,  1.0099238 ],
       [ 0.12966144,  0.12966144,  0.12966144,  0.12966144],
       [-0.20650987, -0.20650987, -0.20650987, -0.20650987],
       [ 0.20650886,  0.20650886,  0.20650886,  0.20650886]],
      dtype=float32), array([1.1603929, 1.1603929, 1.1603929, 1.1603929], dtype=float32), array([[0.352316],
       [0.352316],
       [0.352316],
       [0.352316]], dtype=float32), array([-1.5698216], dtype=float32)]
Round 12graph string:
16 ( i  func 0 0.0  [ ] [ ] ) ( i  func 1 0.0  [ ] [ ] ) ( i  func 2 0.0  [ ] [ ] ) ( i  func 3 0.0  [ ] [ ] ) ( i  func 4 0.0  [ ] [ ] ) ( i  func 5 0.0  [ ] [ ] ) ( i  func 6 0.0  [ ] [ ] ) ( i  func 7 0.0  [ ] [ ] ) ( i  func 8 0.0  [ ] [ ] ) ( i  func 9 0.0  [ ] [ ] ) ( i  func 10 0.0  [ ] [ ] ) ( m relu 11 1.1603928804397583 [ 0  1  2  3  4  5  6  7  8  9  10 ] [ 0.07381733506917953 0.5122898817062378 0.8147554397583008 -0.09416838735342026 -0.12009312212467194 0.11730446666479111 0.3533487319946289 1.0099238157272339 0.1296614408493042 -0.20650987327098846 0.20650885999202728 ] ) ( m relu 12 1.1603928804397583 [ 0  1  2  3  4  5  6  7  8  9  10 ] [ 0.07381733506917953 0.5122898817062378 0.8147554397583008 -0.09416838735342026 -0.12009312212467194 0.11730446666479111 0.3533487319946289 1.0099238157272339 0.1296614408493042 -0.20650987327098846 0.20650885999202728 ] ) ( m relu 13 1.1603928804397583 [ 0  1  2  3  4  5  6  7  8  9  10 ] [ 0.07381733506917953 0.5122898817062378 0.8147554397583008 -0.09416838735342026 -0.12009312212467194 0.11730446666479111 0.3533487319946289 1.0099238157272339 0.1296614408493042 -0.20650987327098846 0.20650885999202728 ] ) ( m relu 14 1.1603928804397583 [ 0  1  2  3  4  5  6  7  8  9  10 ] [ 0.07381733506917953 0.5122898817062378 0.8147554397583008 -0.09416838735342026 -0.12009312212467194 0.11730446666479111 0.3533487319946289 1.0099238157272339 0.1296614408493042 -0.20650987327098846 0.20650885999202728 ] ) ( m sigmoid 15 -1.5698215961456299 [ 11  12  13  14 ] [ 0.3523159921169281 0.3523159921169281 0.3523159921169281 0.3523159921169281 ] ) 
Round 12 done

STARTING ROUND 13:
Time to generate data in round 13: 233.7273666858673
Time to fit model in round 13: 128.21240949630737
Round 13weights:
[array([[-0.032419  , -0.032419  , -0.032419  , -0.032419  ],
       [ 0.48233   ,  0.48233   ,  0.48233   ,  0.48233   ],
       [ 0.79351103,  0.79351103,  0.79351103,  0.79351103],
       [-0.21185915, -0.21185915, -0.21185915, -0.21185915],
       [-0.1851015 , -0.1851015 , -0.1851015 , -0.1851015 ],
       [ 0.18449165,  0.18449165,  0.18449165,  0.18449165],
       [ 0.37786454,  0.37786454,  0.37786454,  0.37786454],
       [ 1.0004897 ,  1.0004897 ,  1.0004897 ,  1.0004897 ],
       [ 0.2794376 ,  0.2794376 ,  0.2794376 ,  0.2794376 ],
       [-0.21909589, -0.21909589, -0.21909589, -0.21909589],
       [ 0.22138697,  0.22138697,  0.22138697,  0.22138697]],
      dtype=float32), array([1.1206851, 1.1206851, 1.1206851, 1.1206851], dtype=float32), array([[0.3784609],
       [0.3784609],
       [0.3784609],
       [0.3784609]], dtype=float32), array([-1.713423], dtype=float32)]
Round 13graph string:
16 ( i  func 0 0.0  [ ] [ ] ) ( i  func 1 0.0  [ ] [ ] ) ( i  func 2 0.0  [ ] [ ] ) ( i  func 3 0.0  [ ] [ ] ) ( i  func 4 0.0  [ ] [ ] ) ( i  func 5 0.0  [ ] [ ] ) ( i  func 6 0.0  [ ] [ ] ) ( i  func 7 0.0  [ ] [ ] ) ( i  func 8 0.0  [ ] [ ] ) ( i  func 9 0.0  [ ] [ ] ) ( i  func 10 0.0  [ ] [ ] ) ( m relu 11 1.12068510055542 [ 0  1  2  3  4  5  6  7  8  9  10 ] [ -0.032419003546237946 0.48232999444007874 0.7935110330581665 -0.21185915172100067 -0.1851014941930771 0.18449164927005768 0.3778645396232605 1.0004897117614746 0.2794376015663147 -0.2190958857536316 0.22138696908950806 ] ) ( m relu 12 1.12068510055542 [ 0  1  2  3  4  5  6  7  8  9  10 ] [ -0.032419003546237946 0.48232999444007874 0.7935110330581665 -0.21185915172100067 -0.1851014941930771 0.18449164927005768 0.3778645396232605 1.0004897117614746 0.2794376015663147 -0.2190958857536316 0.22138696908950806 ] ) ( m relu 13 1.12068510055542 [ 0  1  2  3  4  5  6  7  8  9  10 ] [ -0.032419003546237946 0.48232999444007874 0.7935110330581665 -0.21185915172100067 -0.1851014941930771 0.18449164927005768 0.3778645396232605 1.0004897117614746 0.2794376015663147 -0.2190958857536316 0.22138696908950806 ] ) ( m relu 14 1.12068510055542 [ 0  1  2  3  4  5  6  7  8  9  10 ] [ -0.032419003546237946 0.48232999444007874 0.7935110330581665 -0.21185915172100067 -0.1851014941930771 0.18449164927005768 0.3778645396232605 1.0004897117614746 0.2794376015663147 -0.2190958857536316 0.22138696908950806 ] ) ( m sigmoid 15 -1.7134230136871338 [ 11  12  13  14 ] [ 0.37846091389656067 0.37846091389656067 0.37846091389656067 0.37846091389656067 ] ) 
Round 13 done

STARTING ROUND 14:
Time to generate data in round 14: 249.66134452819824
Time to fit model in round 14: 142.12293577194214
Round 14weights:
[array([[-0.03764033, -0.03764033, -0.03764033, -0.03764033],
       [ 0.4225991 ,  0.4225991 ,  0.4225991 ,  0.4225991 ],
       [ 0.79246384,  0.79246384,  0.79246384,  0.79246384],
       [-0.16876444, -0.16876444, -0.16876444, -0.16876444],
       [-0.24458049, -0.24458049, -0.24458049, -0.24458049],
       [ 0.24700008,  0.24700008,  0.24700008,  0.24700008],
       [ 0.4095075 ,  0.4095075 ,  0.4095075 ,  0.4095075 ],
       [ 1.0172799 ,  1.0172799 ,  1.0172799 ,  1.0172799 ],
       [ 0.22984032,  0.22984032,  0.22984032,  0.22984032],
       [-0.17723778, -0.17723778, -0.17723778, -0.17723778],
       [ 0.1775715 ,  0.1775715 ,  0.1775715 ,  0.1775715 ]],
      dtype=float32), array([1.1185964, 1.1185964, 1.1185964, 1.1185964], dtype=float32), array([[0.3785843],
       [0.3785843],
       [0.3785843],
       [0.3785843]], dtype=float32), array([-1.6451105], dtype=float32)]
Round 14graph string:
16 ( i  func 0 0.0  [ ] [ ] ) ( i  func 1 0.0  [ ] [ ] ) ( i  func 2 0.0  [ ] [ ] ) ( i  func 3 0.0  [ ] [ ] ) ( i  func 4 0.0  [ ] [ ] ) ( i  func 5 0.0  [ ] [ ] ) ( i  func 6 0.0  [ ] [ ] ) ( i  func 7 0.0  [ ] [ ] ) ( i  func 8 0.0  [ ] [ ] ) ( i  func 9 0.0  [ ] [ ] ) ( i  func 10 0.0  [ ] [ ] ) ( m relu 11 1.1185964345932007 [ 0  1  2  3  4  5  6  7  8  9  10 ] [ -0.03764032945036888 0.42259910702705383 0.7924638390541077 -0.16876444220542908 -0.2445804923772812 0.2470000833272934 0.40950751304626465 1.017279863357544 0.22984032332897186 -0.17723777890205383 0.17757150530815125 ] ) ( m relu 12 1.1185964345932007 [ 0  1  2  3  4  5  6  7  8  9  10 ] [ -0.03764032945036888 0.42259910702705383 0.7924638390541077 -0.16876444220542908 -0.2445804923772812 0.2470000833272934 0.40950751304626465 1.017279863357544 0.22984032332897186 -0.17723777890205383 0.17757150530815125 ] ) ( m relu 13 1.1185964345932007 [ 0  1  2  3  4  5  6  7  8  9  10 ] [ -0.03764032945036888 0.42259910702705383 0.7924638390541077 -0.16876444220542908 -0.2445804923772812 0.2470000833272934 0.40950751304626465 1.017279863357544 0.22984032332897186 -0.17723777890205383 0.17757150530815125 ] ) ( m relu 14 1.1185964345932007 [ 0  1  2  3  4  5  6  7  8  9  10 ] [ -0.03764032945036888 0.42259910702705383 0.7924638390541077 -0.16876444220542908 -0.2445804923772812 0.2470000833272934 0.40950751304626465 1.017279863357544 0.22984032332897186 -0.17723777890205383 0.17757150530815125 ] ) ( m sigmoid 15 -1.6451104879379272 [ 11  12  13  14 ] [ 0.3785842955112457 0.3785842955112457 0.3785842955112457 0.3785842955112457 ] ) 
Round 14 done

STARTING ROUND 15:
Time to generate data in round 15: 249.17543411254883
Time to fit model in round 15: 136.8801715373993
Round 15weights:
[array([[-0.00145477, -0.00145477, -0.00145477, -0.00145477],
       [ 0.44960693,  0.44960693,  0.44960693,  0.44960693],
       [ 0.7997008 ,  0.7997008 ,  0.7997008 ,  0.7997008 ],
       [-0.17068876, -0.17068876, -0.17068876, -0.17068876],
       [-0.24660985, -0.24660985, -0.24660985, -0.24660985],
       [ 0.24508   ,  0.24508   ,  0.24508   ,  0.24508   ],
       [ 0.34289876,  0.34289876,  0.34289876,  0.34289876],
       [ 0.9966914 ,  0.9966914 ,  0.9966914 ,  0.9966914 ],
       [ 0.21190202,  0.21190202,  0.21190202,  0.21190202],
       [-0.22109452, -0.22109452, -0.22109452, -0.22109452],
       [ 0.22532846,  0.22532846,  0.22532846,  0.22532846]],
      dtype=float32), array([1.1163306, 1.1163306, 1.1163306, 1.1163306], dtype=float32), array([[0.35962173],
       [0.35962173],
       [0.35962173],
       [0.35962173]], dtype=float32), array([-1.6053628], dtype=float32)]
Round 15graph string:
16 ( i  func 0 0.0  [ ] [ ] ) ( i  func 1 0.0  [ ] [ ] ) ( i  func 2 0.0  [ ] [ ] ) ( i  func 3 0.0  [ ] [ ] ) ( i  func 4 0.0  [ ] [ ] ) ( i  func 5 0.0  [ ] [ ] ) ( i  func 6 0.0  [ ] [ ] ) ( i  func 7 0.0  [ ] [ ] ) ( i  func 8 0.0  [ ] [ ] ) ( i  func 9 0.0  [ ] [ ] ) ( i  func 10 0.0  [ ] [ ] ) ( m relu 11 1.116330623626709 [ 0  1  2  3  4  5  6  7  8  9  10 ] [ -0.0014547700993716717 0.44960692524909973 0.7997007966041565 -0.17068876326084137 -0.2466098517179489 0.24507999420166016 0.34289875626564026 0.9966914057731628 0.21190202236175537 -0.2210945188999176 0.2253284603357315 ] ) ( m relu 12 1.116330623626709 [ 0  1  2  3  4  5  6  7  8  9  10 ] [ -0.0014547700993716717 0.44960692524909973 0.7997007966041565 -0.17068876326084137 -0.2466098517179489 0.24507999420166016 0.34289875626564026 0.9966914057731628 0.21190202236175537 -0.2210945188999176 0.2253284603357315 ] ) ( m relu 13 1.116330623626709 [ 0  1  2  3  4  5  6  7  8  9  10 ] [ -0.0014547700993716717 0.44960692524909973 0.7997007966041565 -0.17068876326084137 -0.2466098517179489 0.24507999420166016 0.34289875626564026 0.9966914057731628 0.21190202236175537 -0.2210945188999176 0.2253284603357315 ] ) ( m relu 14 1.116330623626709 [ 0  1  2  3  4  5  6  7  8  9  10 ] [ -0.0014547700993716717 0.44960692524909973 0.7997007966041565 -0.17068876326084137 -0.2466098517179489 0.24507999420166016 0.34289875626564026 0.9966914057731628 0.21190202236175537 -0.2210945188999176 0.2253284603357315 ] ) ( m sigmoid 15 -1.6053627729415894 [ 11  12  13  14 ] [ 0.35962173342704773 0.35962173342704773 0.35962173342704773 0.35962173342704773 ] ) 
Round 15 done

STARTING ROUND 16:
Time to generate data in round 16: 253.2214958667755
Time to fit model in round 16: 137.52928256988525
Round 16weights:
[array([[ 0.04369998,  0.04369998,  0.04369998,  0.04369998],
       [ 0.44893304,  0.44893304,  0.44893304,  0.44893304],
       [ 0.8087323 ,  0.8087323 ,  0.8087323 ,  0.8087323 ],
       [-0.23215699, -0.23215699, -0.23215699, -0.23215699],
       [-0.18283994, -0.18283994, -0.18283994, -0.18283994],
       [ 0.18108143,  0.18108143,  0.18108143,  0.18108143],
       [ 0.35244513,  0.35244513,  0.35244513,  0.35244513],
       [ 0.9720993 ,  0.9720993 ,  0.9720993 ,  0.9720993 ],
       [ 0.27173743,  0.27173743,  0.27173743,  0.27173743],
       [-0.24475367, -0.24475367, -0.24475367, -0.24475367],
       [ 0.24556075,  0.24556075,  0.24556075,  0.24556075]],
      dtype=float32), array([1.1158959, 1.1158959, 1.1158959, 1.1158959], dtype=float32), array([[0.37064683],
       [0.37064683],
       [0.37064683],
       [0.37064683]], dtype=float32), array([-1.6335658], dtype=float32)]
Round 16graph string:
16 ( i  func 0 0.0  [ ] [ ] ) ( i  func 1 0.0  [ ] [ ] ) ( i  func 2 0.0  [ ] [ ] ) ( i  func 3 0.0  [ ] [ ] ) ( i  func 4 0.0  [ ] [ ] ) ( i  func 5 0.0  [ ] [ ] ) ( i  func 6 0.0  [ ] [ ] ) ( i  func 7 0.0  [ ] [ ] ) ( i  func 8 0.0  [ ] [ ] ) ( i  func 9 0.0  [ ] [ ] ) ( i  func 10 0.0  [ ] [ ] ) ( m relu 11 1.1158958673477173 [ 0  1  2  3  4  5  6  7  8  9  10 ] [ 0.04369998350739479 0.44893303513526917 0.808732271194458 -0.23215699195861816 -0.18283994495868683 0.18108142912387848 0.352445125579834 0.9720993041992188 0.2717374265193939 -0.2447536736726761 0.24556075036525726 ] ) ( m relu 12 1.1158958673477173 [ 0  1  2  3  4  5  6  7  8  9  10 ] [ 0.04369998350739479 0.44893303513526917 0.808732271194458 -0.23215699195861816 -0.18283994495868683 0.18108142912387848 0.352445125579834 0.9720993041992188 0.2717374265193939 -0.2447536736726761 0.24556075036525726 ] ) ( m relu 13 1.1158958673477173 [ 0  1  2  3  4  5  6  7  8  9  10 ] [ 0.04369998350739479 0.44893303513526917 0.808732271194458 -0.23215699195861816 -0.18283994495868683 0.18108142912387848 0.352445125579834 0.9720993041992188 0.2717374265193939 -0.2447536736726761 0.24556075036525726 ] ) ( m relu 14 1.1158958673477173 [ 0  1  2  3  4  5  6  7  8  9  10 ] [ 0.04369998350739479 0.44893303513526917 0.808732271194458 -0.23215699195861816 -0.18283994495868683 0.18108142912387848 0.352445125579834 0.9720993041992188 0.2717374265193939 -0.2447536736726761 0.24556075036525726 ] ) ( m sigmoid 15 -1.6335657835006714 [ 11  12  13  14 ] [ 0.3706468343734741 0.3706468343734741 0.3706468343734741 0.3706468343734741 ] ) 
Round 16 done

STARTING ROUND 17:
Time to generate data in round 17: 241.28388738632202
Time to fit model in round 17: 130.75360441207886
Round 17weights:
[array([[-0.03487435, -0.03487435, -0.03487435, -0.03487435],
       [ 0.45547447,  0.45547447,  0.45547447,  0.45547447],
       [ 0.7930172 ,  0.7930172 ,  0.7930172 ,  0.7930172 ],
       [-0.16626334, -0.16626334, -0.16626334, -0.16626334],
       [-0.15501548, -0.15501548, -0.15501548, -0.15501548],
       [ 0.15469071,  0.15469071,  0.15469071,  0.15469071],
       [ 0.43395016,  0.43395016,  0.43395016,  0.43395016],
       [ 0.9353973 ,  0.9353973 ,  0.9353973 ,  0.9353973 ],
       [ 0.21241376,  0.21241376,  0.21241376,  0.21241376],
       [-0.26308307, -0.26308307, -0.26308307, -0.26308307],
       [ 0.26526955,  0.26526955,  0.26526955,  0.26526955]],
      dtype=float32), array([1.1341482, 1.1341482, 1.1341482, 1.1341482], dtype=float32), array([[0.33470368],
       [0.33470368],
       [0.33470368],
       [0.33470368]], dtype=float32), array([-1.5492662], dtype=float32)]
Round 17graph string:
16 ( i  func 0 0.0  [ ] [ ] ) ( i  func 1 0.0  [ ] [ ] ) ( i  func 2 0.0  [ ] [ ] ) ( i  func 3 0.0  [ ] [ ] ) ( i  func 4 0.0  [ ] [ ] ) ( i  func 5 0.0  [ ] [ ] ) ( i  func 6 0.0  [ ] [ ] ) ( i  func 7 0.0  [ ] [ ] ) ( i  func 8 0.0  [ ] [ ] ) ( i  func 9 0.0  [ ] [ ] ) ( i  func 10 0.0  [ ] [ ] ) ( m relu 11 1.1341482400894165 [ 0  1  2  3  4  5  6  7  8  9  10 ] [ -0.03487434983253479 0.45547446608543396 0.7930172085762024 -0.16626334190368652 -0.1550154834985733 0.1546907126903534 0.43395015597343445 0.9353973269462585 0.2124137580394745 -0.2630830705165863 0.26526954770088196 ] ) ( m relu 12 1.1341482400894165 [ 0  1  2  3  4  5  6  7  8  9  10 ] [ -0.03487434983253479 0.45547446608543396 0.7930172085762024 -0.16626334190368652 -0.1550154834985733 0.1546907126903534 0.43395015597343445 0.9353973269462585 0.2124137580394745 -0.2630830705165863 0.26526954770088196 ] ) ( m relu 13 1.1341482400894165 [ 0  1  2  3  4  5  6  7  8  9  10 ] [ -0.03487434983253479 0.45547446608543396 0.7930172085762024 -0.16626334190368652 -0.1550154834985733 0.1546907126903534 0.43395015597343445 0.9353973269462585 0.2124137580394745 -0.2630830705165863 0.26526954770088196 ] ) ( m relu 14 1.1341482400894165 [ 0  1  2  3  4  5  6  7  8  9  10 ] [ -0.03487434983253479 0.45547446608543396 0.7930172085762024 -0.16626334190368652 -0.1550154834985733 0.1546907126903534 0.43395015597343445 0.9353973269462585 0.2124137580394745 -0.2630830705165863 0.26526954770088196 ] ) ( m sigmoid 15 -1.5492662191390991 [ 11  12  13  14 ] [ 0.3347036838531494 0.3347036838531494 0.3347036838531494 0.3347036838531494 ] ) 
Round 17 done

STARTING ROUND 18:
Time to generate data in round 18: 231.75817608833313
Time to fit model in round 18: 137.4142632484436
Round 18weights:
[array([[ 0.08923068,  0.08923068,  0.08923068,  0.08923068],
       [ 0.49114034,  0.49114034,  0.49114034,  0.49114034],
       [ 0.81783605,  0.81783605,  0.81783605,  0.81783605],
       [-0.18246186, -0.18246186, -0.18246186, -0.18246186],
       [-0.12043506, -0.12043506, -0.12043506, -0.12043506],
       [ 0.11845491,  0.11845491,  0.11845491,  0.11845491],
       [ 0.35274374,  0.35274374,  0.35274374,  0.35274374],
       [ 0.933959  ,  0.933959  ,  0.933959  ,  0.933959  ],
       [ 0.18131587,  0.18131587,  0.18131587,  0.18131587],
       [-0.2555296 , -0.2555296 , -0.2555296 , -0.2555296 ],
       [ 0.25900295,  0.25900295,  0.25900295,  0.25900295]],
      dtype=float32), array([1.1368725, 1.1368725, 1.1368725, 1.1368725], dtype=float32), array([[0.33289286],
       [0.33289286],
       [0.33289286],
       [0.33289286]], dtype=float32), array([-1.5156484], dtype=float32)]
Round 18graph string:
16 ( i  func 0 0.0  [ ] [ ] ) ( i  func 1 0.0  [ ] [ ] ) ( i  func 2 0.0  [ ] [ ] ) ( i  func 3 0.0  [ ] [ ] ) ( i  func 4 0.0  [ ] [ ] ) ( i  func 5 0.0  [ ] [ ] ) ( i  func 6 0.0  [ ] [ ] ) ( i  func 7 0.0  [ ] [ ] ) ( i  func 8 0.0  [ ] [ ] ) ( i  func 9 0.0  [ ] [ ] ) ( i  func 10 0.0  [ ] [ ] ) ( m relu 11 1.1368725299835205 [ 0  1  2  3  4  5  6  7  8  9  10 ] [ 0.08923067897558212 0.49114033579826355 0.8178360462188721 -0.18246185779571533 -0.12043505907058716 0.11845491081476212 0.3527437448501587 0.9339590072631836 0.18131586909294128 -0.25552961230278015 0.2590029537677765 ] ) ( m relu 12 1.1368725299835205 [ 0  1  2  3  4  5  6  7  8  9  10 ] [ 0.08923067897558212 0.49114033579826355 0.8178360462188721 -0.18246185779571533 -0.12043505907058716 0.11845491081476212 0.3527437448501587 0.9339590072631836 0.18131586909294128 -0.25552961230278015 0.2590029537677765 ] ) ( m relu 13 1.1368725299835205 [ 0  1  2  3  4  5  6  7  8  9  10 ] [ 0.08923067897558212 0.49114033579826355 0.8178360462188721 -0.18246185779571533 -0.12043505907058716 0.11845491081476212 0.3527437448501587 0.9339590072631836 0.18131586909294128 -0.25552961230278015 0.2590029537677765 ] ) ( m relu 14 1.1368725299835205 [ 0  1  2  3  4  5  6  7  8  9  10 ] [ 0.08923067897558212 0.49114033579826355 0.8178360462188721 -0.18246185779571533 -0.12043505907058716 0.11845491081476212 0.3527437448501587 0.9339590072631836 0.18131586909294128 -0.25552961230278015 0.2590029537677765 ] ) ( m sigmoid 15 -1.515648365020752 [ 11  12  13  14 ] [ 0.33289286494255066 0.33289286494255066 0.33289286494255066 0.33289286494255066 ] ) 
Round 18 done

STARTING ROUND 19:
Time to generate data in round 19: 257.2950174808502
Time to fit model in round 19: 137.9887273311615
Round 19weights:
[array([[ 0.06292152,  0.06292152,  0.06292152,  0.06292152],
       [ 0.46163547,  0.46163547,  0.46163547,  0.46163547],
       [ 0.8125715 ,  0.8125715 ,  0.8125715 ,  0.8125715 ],
       [-0.13120604, -0.13120604, -0.13120604, -0.13120604],
       [-0.13961953, -0.13961953, -0.13961953, -0.13961953],
       [ 0.13495699,  0.13495699,  0.13495699,  0.13495699],
       [ 0.41215283,  0.41215283,  0.41215283,  0.41215283],
       [ 0.96933454,  0.96933454,  0.96933454,  0.96933454],
       [ 0.14899044,  0.14899044,  0.14899044,  0.14899044],
       [-0.26345956, -0.26345956, -0.26345956, -0.26345956],
       [ 0.26365146,  0.26365146,  0.26365146,  0.26365146]],
      dtype=float32), array([1.1139728, 1.1139728, 1.1139728, 1.1139728], dtype=float32), array([[0.3590398],
       [0.3590398],
       [0.3590398],
       [0.3590398]], dtype=float32), array([-1.6016939], dtype=float32)]
Round 19graph string:
16 ( i  func 0 0.0  [ ] [ ] ) ( i  func 1 0.0  [ ] [ ] ) ( i  func 2 0.0  [ ] [ ] ) ( i  func 3 0.0  [ ] [ ] ) ( i  func 4 0.0  [ ] [ ] ) ( i  func 5 0.0  [ ] [ ] ) ( i  func 6 0.0  [ ] [ ] ) ( i  func 7 0.0  [ ] [ ] ) ( i  func 8 0.0  [ ] [ ] ) ( i  func 9 0.0  [ ] [ ] ) ( i  func 10 0.0  [ ] [ ] ) ( m relu 11 1.113972783088684 [ 0  1  2  3  4  5  6  7  8  9  10 ] [ 0.06292151659727097 0.4616354703903198 0.8125715255737305 -0.13120603561401367 -0.13961952924728394 0.1349569857120514 0.41215282678604126 0.9693345427513123 0.1489904373884201 -0.26345956325531006 0.26365146040916443 ] ) ( m relu 12 1.113972783088684 [ 0  1  2  3  4  5  6  7  8  9  10 ] [ 0.06292151659727097 0.4616354703903198 0.8125715255737305 -0.13120603561401367 -0.13961952924728394 0.1349569857120514 0.41215282678604126 0.9693345427513123 0.1489904373884201 -0.26345956325531006 0.26365146040916443 ] ) ( m relu 13 1.113972783088684 [ 0  1  2  3  4  5  6  7  8  9  10 ] [ 0.06292151659727097 0.4616354703903198 0.8125715255737305 -0.13120603561401367 -0.13961952924728394 0.1349569857120514 0.41215282678604126 0.9693345427513123 0.1489904373884201 -0.26345956325531006 0.26365146040916443 ] ) ( m relu 14 1.113972783088684 [ 0  1  2  3  4  5  6  7  8  9  10 ] [ 0.06292151659727097 0.4616354703903198 0.8125715255737305 -0.13120603561401367 -0.13961952924728394 0.1349569857120514 0.41215282678604126 0.9693345427513123 0.1489904373884201 -0.26345956325531006 0.26365146040916443 ] ) ( m sigmoid 15 -1.601693868637085 [ 11  12  13  14 ] [ 0.3590398132801056 0.3590398132801056 0.3590398132801056 0.3590398132801056 ] ) 
Round 19 done

STARTING ROUND 20:
Time to generate data in round 20: 257.32473158836365
Time to fit model in round 20: 139.3576762676239
Round 20weights:
[array([[ 0.02887925,  0.02887925,  0.02887925,  0.02887925],
       [ 0.54057926,  0.54057926,  0.54057926,  0.54057926],
       [ 0.8057659 ,  0.8057659 ,  0.8057659 ,  0.8057659 ],
       [-0.1604455 , -0.1604455 , -0.1604455 , -0.1604455 ],
       [-0.10496017, -0.10496017, -0.10496017, -0.10496017],
       [ 0.10276268,  0.10276268,  0.10276268,  0.10276268],
       [ 0.27182055,  0.27182055,  0.27182055,  0.27182055],
       [ 0.94395965,  0.94395965,  0.94395965,  0.94395965],
       [ 0.19283217,  0.19283217,  0.19283217,  0.19283217],
       [-0.28477538, -0.28477538, -0.28477538, -0.28477538],
       [ 0.28558657,  0.28558657,  0.28558657,  0.28558657]],
      dtype=float32), array([1.128548, 1.128548, 1.128548, 1.128548], dtype=float32), array([[0.34742895],
       [0.34742895],
       [0.34742895],
       [0.34742895]], dtype=float32), array([-1.5594652], dtype=float32)]
Round 20graph string:
16 ( i  func 0 0.0  [ ] [ ] ) ( i  func 1 0.0  [ ] [ ] ) ( i  func 2 0.0  [ ] [ ] ) ( i  func 3 0.0  [ ] [ ] ) ( i  func 4 0.0  [ ] [ ] ) ( i  func 5 0.0  [ ] [ ] ) ( i  func 6 0.0  [ ] [ ] ) ( i  func 7 0.0  [ ] [ ] ) ( i  func 8 0.0  [ ] [ ] ) ( i  func 9 0.0  [ ] [ ] ) ( i  func 10 0.0  [ ] [ ] ) ( m relu 11 1.1285480260849 [ 0  1  2  3  4  5  6  7  8  9  10 ] [ 0.02887924760580063 0.5405792593955994 0.8057659268379211 -0.16044549643993378 -0.10496017336845398 0.10276267677545547 0.2718205451965332 0.943959653377533 0.19283217191696167 -0.28477537631988525 0.28558656573295593 ] ) ( m relu 12 1.1285480260849 [ 0  1  2  3  4  5  6  7  8  9  10 ] [ 0.02887924760580063 0.5405792593955994 0.8057659268379211 -0.16044549643993378 -0.10496017336845398 0.10276267677545547 0.2718205451965332 0.943959653377533 0.19283217191696167 -0.28477537631988525 0.28558656573295593 ] ) ( m relu 13 1.1285480260849 [ 0  1  2  3  4  5  6  7  8  9  10 ] [ 0.02887924760580063 0.5405792593955994 0.8057659268379211 -0.16044549643993378 -0.10496017336845398 0.10276267677545547 0.2718205451965332 0.943959653377533 0.19283217191696167 -0.28477537631988525 0.28558656573295593 ] ) ( m relu 14 1.1285480260849 [ 0  1  2  3  4  5  6  7  8  9  10 ] [ 0.02887924760580063 0.5405792593955994 0.8057659268379211 -0.16044549643993378 -0.10496017336845398 0.10276267677545547 0.2718205451965332 0.943959653377533 0.19283217191696167 -0.28477537631988525 0.28558656573295593 ] ) ( m sigmoid 15 -1.5594651699066162 [ 11  12  13  14 ] [ 0.34742894768714905 0.34742894768714905 0.34742894768714905 0.34742894768714905 ] ) 
Round 20 done

STARTING ROUND 21:
Time to generate data in round 21: 270.8425271511078
Time to fit model in round 21: 136.70538544654846
Round 21weights:
[array([[-0.01222733, -0.01222733, -0.01222733, -0.01222733],
       [ 0.56199956,  0.56199956,  0.56199956,  0.56199956],
       [ 0.79754376,  0.79754376,  0.79754376,  0.79754376],
       [-0.10571658, -0.10571658, -0.10571658, -0.10571658],
       [-0.06092908, -0.06092908, -0.06092908, -0.06092908],
       [ 0.06180908,  0.06180908,  0.06180908,  0.06180908],
       [ 0.32848564,  0.32848564,  0.32848564,  0.32848564],
       [ 0.95565397,  0.95565397,  0.95565397,  0.95565397],
       [ 0.15121461,  0.15121461,  0.15121461,  0.15121461],
       [-0.24119051, -0.24119051, -0.24119051, -0.24119051],
       [ 0.23977163,  0.23977163,  0.23977163,  0.23977163]],
      dtype=float32), array([1.1365993, 1.1365993, 1.1365993, 1.1365993], dtype=float32), array([[0.3475139],
       [0.3475139],
       [0.3475139],
       [0.3475139]], dtype=float32), array([-1.552665], dtype=float32)]
Round 21graph string:
16 ( i  func 0 0.0  [ ] [ ] ) ( i  func 1 0.0  [ ] [ ] ) ( i  func 2 0.0  [ ] [ ] ) ( i  func 3 0.0  [ ] [ ] ) ( i  func 4 0.0  [ ] [ ] ) ( i  func 5 0.0  [ ] [ ] ) ( i  func 6 0.0  [ ] [ ] ) ( i  func 7 0.0  [ ] [ ] ) ( i  func 8 0.0  [ ] [ ] ) ( i  func 9 0.0  [ ] [ ] ) ( i  func 10 0.0  [ ] [ ] ) ( m relu 11 1.1365993022918701 [ 0  1  2  3  4  5  6  7  8  9  10 ] [ -0.012227333150804043 0.5619995594024658 0.7975437641143799 -0.10571657866239548 -0.0609290786087513 0.061809077858924866 0.3284856379032135 0.955653965473175 0.1512146145105362 -0.24119050800800323 0.23977163434028625 ] ) ( m relu 12 1.1365993022918701 [ 0  1  2  3  4  5  6  7  8  9  10 ] [ -0.012227333150804043 0.5619995594024658 0.7975437641143799 -0.10571657866239548 -0.0609290786087513 0.061809077858924866 0.3284856379032135 0.955653965473175 0.1512146145105362 -0.24119050800800323 0.23977163434028625 ] ) ( m relu 13 1.1365993022918701 [ 0  1  2  3  4  5  6  7  8  9  10 ] [ -0.012227333150804043 0.5619995594024658 0.7975437641143799 -0.10571657866239548 -0.0609290786087513 0.061809077858924866 0.3284856379032135 0.955653965473175 0.1512146145105362 -0.24119050800800323 0.23977163434028625 ] ) ( m relu 14 1.1365993022918701 [ 0  1  2  3  4  5  6  7  8  9  10 ] [ -0.012227333150804043 0.5619995594024658 0.7975437641143799 -0.10571657866239548 -0.0609290786087513 0.061809077858924866 0.3284856379032135 0.955653965473175 0.1512146145105362 -0.24119050800800323 0.23977163434028625 ] ) ( m sigmoid 15 -1.5526649951934814 [ 11  12  13  14 ] [ 0.34751391410827637 0.34751391410827637 0.34751391410827637 0.34751391410827637 ] ) 
Round 21 done

STARTING ROUND 22:
Time to generate data in round 22: 255.1402325630188
Time to fit model in round 22: 144.2478768825531
Round 22weights:
[array([[-0.0397609 , -0.0397609 , -0.0397609 , -0.0397609 ],
       [ 0.52589643,  0.52589643,  0.52589643,  0.52589643],
       [ 0.79204226,  0.79204226,  0.79204226,  0.79204226],
       [-0.14061955, -0.14061955, -0.14061955, -0.14061955],
       [-0.09996403, -0.09996403, -0.09996403, -0.09996403],
       [ 0.10103837,  0.10103837,  0.10103837,  0.10103837],
       [ 0.40662798,  0.40662798,  0.40662798,  0.40662798],
       [ 0.95176566,  0.95176566,  0.95176566,  0.95176566],
       [ 0.13355066,  0.13355066,  0.13355066,  0.13355066],
       [-0.2432287 , -0.2432287 , -0.2432287 , -0.2432287 ],
       [ 0.24138448,  0.24138448,  0.24138448,  0.24138448]],
      dtype=float32), array([1.1283067, 1.1283067, 1.1283067, 1.1283067], dtype=float32), array([[0.36014733],
       [0.36014733],
       [0.36014733],
       [0.36014733]], dtype=float32), array([-1.6036588], dtype=float32)]
Round 22graph string:
16 ( i  func 0 0.0  [ ] [ ] ) ( i  func 1 0.0  [ ] [ ] ) ( i  func 2 0.0  [ ] [ ] ) ( i  func 3 0.0  [ ] [ ] ) ( i  func 4 0.0  [ ] [ ] ) ( i  func 5 0.0  [ ] [ ] ) ( i  func 6 0.0  [ ] [ ] ) ( i  func 7 0.0  [ ] [ ] ) ( i  func 8 0.0  [ ] [ ] ) ( i  func 9 0.0  [ ] [ ] ) ( i  func 10 0.0  [ ] [ ] ) ( m relu 11 1.1283067464828491 [ 0  1  2  3  4  5  6  7  8  9  10 ] [ -0.03976089879870415 0.525896430015564 0.7920422554016113 -0.14061954617500305 -0.09996403008699417 0.1010383740067482 0.40662798285484314 0.9517656564712524 0.13355065882205963 -0.2432287037372589 0.24138447642326355 ] ) ( m relu 12 1.1283067464828491 [ 0  1  2  3  4  5  6  7  8  9  10 ] [ -0.03976089879870415 0.525896430015564 0.7920422554016113 -0.14061954617500305 -0.09996403008699417 0.1010383740067482 0.40662798285484314 0.9517656564712524 0.13355065882205963 -0.2432287037372589 0.24138447642326355 ] ) ( m relu 13 1.1283067464828491 [ 0  1  2  3  4  5  6  7  8  9  10 ] [ -0.03976089879870415 0.525896430015564 0.7920422554016113 -0.14061954617500305 -0.09996403008699417 0.1010383740067482 0.40662798285484314 0.9517656564712524 0.13355065882205963 -0.2432287037372589 0.24138447642326355 ] ) ( m relu 14 1.1283067464828491 [ 0  1  2  3  4  5  6  7  8  9  10 ] [ -0.03976089879870415 0.525896430015564 0.7920422554016113 -0.14061954617500305 -0.09996403008699417 0.1010383740067482 0.40662798285484314 0.9517656564712524 0.13355065882205963 -0.2432287037372589 0.24138447642326355 ] ) ( m sigmoid 15 -1.6036587953567505 [ 11  12  13  14 ] [ 0.3601473271846771 0.3601473271846771 0.3601473271846771 0.3601473271846771 ] ) 
Round 22 done

STARTING ROUND 23:
Time to generate data in round 23: 248.00025391578674
Time to fit model in round 23: 145.73786616325378
Round 23weights:
[array([[-0.02394743, -0.02394743, -0.02394743, -0.02394743],
       [ 0.41874766,  0.41874766,  0.41874766,  0.41874766],
       [ 0.7952018 ,  0.7952018 ,  0.7952018 ,  0.7952018 ],
       [-0.09132434, -0.09132434, -0.09132434, -0.09132434],
       [-0.1428863 , -0.1428863 , -0.1428863 , -0.1428863 ],
       [ 0.14341033,  0.14341033,  0.14341033,  0.14341033],
       [ 0.41503793,  0.41503793,  0.41503793,  0.41503793],
       [ 0.9547355 ,  0.9547355 ,  0.9547355 ,  0.9547355 ],
       [ 0.17523609,  0.17523609,  0.17523609,  0.17523609],
       [-0.30618075, -0.30618075, -0.30618075, -0.30618075],
       [ 0.3070927 ,  0.3070927 ,  0.3070927 ,  0.3070927 ]],
      dtype=float32), array([1.1234589, 1.1234589, 1.1234589, 1.1234589], dtype=float32), array([[0.36174065],
       [0.36174065],
       [0.36174065],
       [0.36174065]], dtype=float32), array([-1.6107494], dtype=float32)]
Round 23graph string:
16 ( i  func 0 0.0  [ ] [ ] ) ( i  func 1 0.0  [ ] [ ] ) ( i  func 2 0.0  [ ] [ ] ) ( i  func 3 0.0  [ ] [ ] ) ( i  func 4 0.0  [ ] [ ] ) ( i  func 5 0.0  [ ] [ ] ) ( i  func 6 0.0  [ ] [ ] ) ( i  func 7 0.0  [ ] [ ] ) ( i  func 8 0.0  [ ] [ ] ) ( i  func 9 0.0  [ ] [ ] ) ( i  func 10 0.0  [ ] [ ] ) ( m relu 11 1.1234588623046875 [ 0  1  2  3  4  5  6  7  8  9  10 ] [ -0.023947428911924362 0.4187476634979248 0.7952017784118652 -0.0913243368268013 -0.14288629591464996 0.143410325050354 0.41503793001174927 0.954735517501831 0.17523609101772308 -0.3061807453632355 0.30709269642829895 ] ) ( m relu 12 1.1234588623046875 [ 0  1  2  3  4  5  6  7  8  9  10 ] [ -0.023947428911924362 0.4187476634979248 0.7952017784118652 -0.0913243368268013 -0.14288629591464996 0.143410325050354 0.41503793001174927 0.954735517501831 0.17523609101772308 -0.3061807453632355 0.30709269642829895 ] ) ( m relu 13 1.1234588623046875 [ 0  1  2  3  4  5  6  7  8  9  10 ] [ -0.023947428911924362 0.4187476634979248 0.7952017784118652 -0.0913243368268013 -0.14288629591464996 0.143410325050354 0.41503793001174927 0.954735517501831 0.17523609101772308 -0.3061807453632355 0.30709269642829895 ] ) ( m relu 14 1.1234588623046875 [ 0  1  2  3  4  5  6  7  8  9  10 ] [ -0.023947428911924362 0.4187476634979248 0.7952017784118652 -0.0913243368268013 -0.14288629591464996 0.143410325050354 0.41503793001174927 0.954735517501831 0.17523609101772308 -0.3061807453632355 0.30709269642829895 ] ) ( m sigmoid 15 -1.610749363899231 [ 11  12  13  14 ] [ 0.3617406487464905 0.3617406487464905 0.3617406487464905 0.3617406487464905 ] ) 
Round 23 done

STARTING ROUND 24:
Time to generate data in round 24: 264.49560165405273
Time to fit model in round 24: 140.44925260543823
Round 24weights:
[array([[ 0.02241618,  0.02241618,  0.02241618,  0.02241618],
       [ 0.4113348 ,  0.4113348 ,  0.4113348 ,  0.4113348 ],
       [ 0.8044743 ,  0.8044743 ,  0.8044743 ,  0.8044743 ],
       [-0.13225134, -0.13225134, -0.13225134, -0.13225134],
       [-0.12020687, -0.12020687, -0.12020687, -0.12020687],
       [ 0.12039682,  0.12039682,  0.12039682,  0.12039682],
       [ 0.44801775,  0.44801775,  0.44801775,  0.44801775],
       [ 0.94420326,  0.94420326,  0.94420326,  0.94420326],
       [ 0.15423028,  0.15423028,  0.15423028,  0.15423028],
       [-0.3548377 , -0.3548377 , -0.3548377 , -0.3548377 ],
       [ 0.35505697,  0.35505697,  0.35505697,  0.35505697]],
      dtype=float32), array([1.0978067, 1.0978067, 1.0978067, 1.0978067], dtype=float32), array([[0.3892264],
       [0.3892264],
       [0.3892264],
       [0.3892264]], dtype=float32), array([-1.6949412], dtype=float32)]
Round 24graph string:
16 ( i  func 0 0.0  [ ] [ ] ) ( i  func 1 0.0  [ ] [ ] ) ( i  func 2 0.0  [ ] [ ] ) ( i  func 3 0.0  [ ] [ ] ) ( i  func 4 0.0  [ ] [ ] ) ( i  func 5 0.0  [ ] [ ] ) ( i  func 6 0.0  [ ] [ ] ) ( i  func 7 0.0  [ ] [ ] ) ( i  func 8 0.0  [ ] [ ] ) ( i  func 9 0.0  [ ] [ ] ) ( i  func 10 0.0  [ ] [ ] ) ( m relu 11 1.097806692123413 [ 0  1  2  3  4  5  6  7  8  9  10 ] [ 0.02241617813706398 0.4113348126411438 0.8044742941856384 -0.1322513371706009 -0.12020687013864517 0.12039682269096375 0.44801774621009827 0.94420325756073 0.1542302817106247 -0.35483768582344055 0.3550569713115692 ] ) ( m relu 12 1.097806692123413 [ 0  1  2  3  4  5  6  7  8  9  10 ] [ 0.02241617813706398 0.4113348126411438 0.8044742941856384 -0.1322513371706009 -0.12020687013864517 0.12039682269096375 0.44801774621009827 0.94420325756073 0.1542302817106247 -0.35483768582344055 0.3550569713115692 ] ) ( m relu 13 1.097806692123413 [ 0  1  2  3  4  5  6  7  8  9  10 ] [ 0.02241617813706398 0.4113348126411438 0.8044742941856384 -0.1322513371706009 -0.12020687013864517 0.12039682269096375 0.44801774621009827 0.94420325756073 0.1542302817106247 -0.35483768582344055 0.3550569713115692 ] ) ( m relu 14 1.097806692123413 [ 0  1  2  3  4  5  6  7  8  9  10 ] [ 0.02241617813706398 0.4113348126411438 0.8044742941856384 -0.1322513371706009 -0.12020687013864517 0.12039682269096375 0.44801774621009827 0.94420325756073 0.1542302817106247 -0.35483768582344055 0.3550569713115692 ] ) ( m sigmoid 15 -1.6949411630630493 [ 11  12  13  14 ] [ 0.38922640681266785 0.38922640681266785 0.38922640681266785 0.38922640681266785 ] ) 
Round 24 done

STARTING ROUND 25:
Time to generate data in round 25: 252.67614650726318
Time to fit model in round 25: 144.48222827911377
Round 25weights:
[array([[ 0.02975899,  0.02975899,  0.02975899,  0.02975899],
       [ 0.39416674,  0.39416674,  0.39416674,  0.39416674],
       [ 0.80594075,  0.80594075,  0.80594075,  0.80594075],
       [-0.13972463, -0.13972463, -0.13972463, -0.13972463],
       [-0.10963928, -0.10963928, -0.10963928, -0.10963928],
       [ 0.11053064,  0.11053064,  0.11053064,  0.11053064],
       [ 0.4463693 ,  0.4463693 ,  0.4463693 ,  0.4463693 ],
       [ 0.9591784 ,  0.9591784 ,  0.9591784 ,  0.9591784 ],
       [ 0.17332403,  0.17332403,  0.17332403,  0.17332403],
       [-0.3427191 , -0.3427191 , -0.3427191 , -0.3427191 ],
       [ 0.34216756,  0.34216756,  0.34216756,  0.34216756]],
      dtype=float32), array([1.0973786, 1.0973786, 1.0973786, 1.0973786], dtype=float32), array([[0.3934411],
       [0.3934411],
       [0.3934411],
       [0.3934411]], dtype=float32), array([-1.7147017], dtype=float32)]
Round 25graph string:
16 ( i  func 0 0.0  [ ] [ ] ) ( i  func 1 0.0  [ ] [ ] ) ( i  func 2 0.0  [ ] [ ] ) ( i  func 3 0.0  [ ] [ ] ) ( i  func 4 0.0  [ ] [ ] ) ( i  func 5 0.0  [ ] [ ] ) ( i  func 6 0.0  [ ] [ ] ) ( i  func 7 0.0  [ ] [ ] ) ( i  func 8 0.0  [ ] [ ] ) ( i  func 9 0.0  [ ] [ ] ) ( i  func 10 0.0  [ ] [ ] ) ( m relu 11 1.0973786115646362 [ 0  1  2  3  4  5  6  7  8  9  10 ] [ 0.029758989810943604 0.3941667377948761 0.8059407472610474 -0.13972462713718414 -0.10963927954435349 0.11053064465522766 0.4463692903518677 0.9591783881187439 0.17332403361797333 -0.34271910786628723 0.34216755628585815 ] ) ( m relu 12 1.0973786115646362 [ 0  1  2  3  4  5  6  7  8  9  10 ] [ 0.029758989810943604 0.3941667377948761 0.8059407472610474 -0.13972462713718414 -0.10963927954435349 0.11053064465522766 0.4463692903518677 0.9591783881187439 0.17332403361797333 -0.34271910786628723 0.34216755628585815 ] ) ( m relu 13 1.0973786115646362 [ 0  1  2  3  4  5  6  7  8  9  10 ] [ 0.029758989810943604 0.3941667377948761 0.8059407472610474 -0.13972462713718414 -0.10963927954435349 0.11053064465522766 0.4463692903518677 0.9591783881187439 0.17332403361797333 -0.34271910786628723 0.34216755628585815 ] ) ( m relu 14 1.0973786115646362 [ 0  1  2  3  4  5  6  7  8  9  10 ] [ 0.029758989810943604 0.3941667377948761 0.8059407472610474 -0.13972462713718414 -0.10963927954435349 0.11053064465522766 0.4463692903518677 0.9591783881187439 0.17332403361797333 -0.34271910786628723 0.34216755628585815 ] ) ( m sigmoid 15 -1.7147016525268555 [ 11  12  13  14 ] [ 0.3934411108493805 0.3934411108493805 0.3934411108493805 0.3934411108493805 ] ) 
Round 25 done

STARTING ROUND 26:
Time to generate data in round 26: 264.7686905860901
Time to fit model in round 26: 140.30169034004211
Round 26weights:
[array([[-0.01193666, -0.01193666, -0.01193666, -0.01193666],
       [ 0.4463756 ,  0.4463756 ,  0.4463756 ,  0.4463756 ],
       [ 0.7975997 ,  0.7975997 ,  0.7975997 ,  0.7975997 ],
       [-0.12298734, -0.12298734, -0.12298734, -0.12298734],
       [-0.07761137, -0.07761137, -0.07761137, -0.07761137],
       [ 0.08035284,  0.08035284,  0.08035284,  0.08035284],
       [ 0.46244198,  0.46244198,  0.46244198,  0.46244198],
       [ 0.96377355,  0.96377355,  0.96377355,  0.96377355],
       [ 0.17111318,  0.17111318,  0.17111318,  0.17111318],
       [-0.27436656, -0.27436656, -0.27436656, -0.27436656],
       [ 0.27365568,  0.27365568,  0.27365568,  0.27365568]],
      dtype=float32), array([1.1124876, 1.1124876, 1.1124876, 1.1124876], dtype=float32), array([[0.37656945],
       [0.37656945],
       [0.37656945],
       [0.37656945]], dtype=float32), array([-1.6676638], dtype=float32)]
Round 26graph string:
16 ( i  func 0 0.0  [ ] [ ] ) ( i  func 1 0.0  [ ] [ ] ) ( i  func 2 0.0  [ ] [ ] ) ( i  func 3 0.0  [ ] [ ] ) ( i  func 4 0.0  [ ] [ ] ) ( i  func 5 0.0  [ ] [ ] ) ( i  func 6 0.0  [ ] [ ] ) ( i  func 7 0.0  [ ] [ ] ) ( i  func 8 0.0  [ ] [ ] ) ( i  func 9 0.0  [ ] [ ] ) ( i  func 10 0.0  [ ] [ ] ) ( m relu 11 1.112487554550171 [ 0  1  2  3  4  5  6  7  8  9  10 ] [ -0.011936662718653679 0.44637560844421387 0.7975996732711792 -0.12298733741044998 -0.07761137187480927 0.08035284280776978 0.46244198083877563 0.9637735486030579 0.17111317813396454 -0.274366557598114 0.2736556828022003 ] ) ( m relu 12 1.112487554550171 [ 0  1  2  3  4  5  6  7  8  9  10 ] [ -0.011936662718653679 0.44637560844421387 0.7975996732711792 -0.12298733741044998 -0.07761137187480927 0.08035284280776978 0.46244198083877563 0.9637735486030579 0.17111317813396454 -0.274366557598114 0.2736556828022003 ] ) ( m relu 13 1.112487554550171 [ 0  1  2  3  4  5  6  7  8  9  10 ] [ -0.011936662718653679 0.44637560844421387 0.7975996732711792 -0.12298733741044998 -0.07761137187480927 0.08035284280776978 0.46244198083877563 0.9637735486030579 0.17111317813396454 -0.274366557598114 0.2736556828022003 ] ) ( m relu 14 1.112487554550171 [ 0  1  2  3  4  5  6  7  8  9  10 ] [ -0.011936662718653679 0.44637560844421387 0.7975996732711792 -0.12298733741044998 -0.07761137187480927 0.08035284280776978 0.46244198083877563 0.9637735486030579 0.17111317813396454 -0.274366557598114 0.2736556828022003 ] ) ( m sigmoid 15 -1.667663812637329 [ 11  12  13  14 ] [ 0.3765694499015808 0.3765694499015808 0.3765694499015808 0.3765694499015808 ] ) 
Round 26 done

STARTING ROUND 27:
Time to generate data in round 27: 248.0092511177063
Time to fit model in round 27: 144.04175853729248
Round 27weights:
[array([[ 0.023098  ,  0.023098  ,  0.023098  ,  0.023098  ],
       [ 0.500692  ,  0.500692  ,  0.500692  ,  0.500692  ],
       [ 0.8046094 ,  0.8046094 ,  0.8046094 ,  0.8046094 ],
       [-0.12146308, -0.12146308, -0.12146308, -0.12146308],
       [-0.11521748, -0.11521748, -0.11521748, -0.11521748],
       [ 0.1135905 ,  0.1135905 ,  0.1135905 ,  0.1135905 ],
       [ 0.40270206,  0.40270206,  0.40270206,  0.40270206],
       [ 0.95692873,  0.95692873,  0.95692873,  0.95692873],
       [ 0.1874254 ,  0.1874254 ,  0.1874254 ,  0.1874254 ],
       [-0.33661094, -0.33661094, -0.33661094, -0.33661094],
       [ 0.33426288,  0.33426288,  0.33426288,  0.33426288]],
      dtype=float32), array([1.0803428, 1.0803428, 1.0803428, 1.0803428], dtype=float32), array([[0.4060183],
       [0.4060183],
       [0.4060183],
       [0.4060183]], dtype=float32), array([-1.757406], dtype=float32)]
Round 27graph string:
16 ( i  func 0 0.0  [ ] [ ] ) ( i  func 1 0.0  [ ] [ ] ) ( i  func 2 0.0  [ ] [ ] ) ( i  func 3 0.0  [ ] [ ] ) ( i  func 4 0.0  [ ] [ ] ) ( i  func 5 0.0  [ ] [ ] ) ( i  func 6 0.0  [ ] [ ] ) ( i  func 7 0.0  [ ] [ ] ) ( i  func 8 0.0  [ ] [ ] ) ( i  func 9 0.0  [ ] [ ] ) ( i  func 10 0.0  [ ] [ ] ) ( m relu 11 1.0803427696228027 [ 0  1  2  3  4  5  6  7  8  9  10 ] [ 0.02309800498187542 0.5006920099258423 0.8046094179153442 -0.12146308273077011 -0.11521747708320618 0.11359050124883652 0.40270206332206726 0.9569287300109863 0.1874254047870636 -0.33661094307899475 0.334262877702713 ] ) ( m relu 12 1.0803427696228027 [ 0  1  2  3  4  5  6  7  8  9  10 ] [ 0.02309800498187542 0.5006920099258423 0.8046094179153442 -0.12146308273077011 -0.11521747708320618 0.11359050124883652 0.40270206332206726 0.9569287300109863 0.1874254047870636 -0.33661094307899475 0.334262877702713 ] ) ( m relu 13 1.0803427696228027 [ 0  1  2  3  4  5  6  7  8  9  10 ] [ 0.02309800498187542 0.5006920099258423 0.8046094179153442 -0.12146308273077011 -0.11521747708320618 0.11359050124883652 0.40270206332206726 0.9569287300109863 0.1874254047870636 -0.33661094307899475 0.334262877702713 ] ) ( m relu 14 1.0803427696228027 [ 0  1  2  3  4  5  6  7  8  9  10 ] [ 0.02309800498187542 0.5006920099258423 0.8046094179153442 -0.12146308273077011 -0.11521747708320618 0.11359050124883652 0.40270206332206726 0.9569287300109863 0.1874254047870636 -0.33661094307899475 0.334262877702713 ] ) ( m sigmoid 15 -1.7574059963226318 [ 11  12  13  14 ] [ 0.40601828694343567 0.40601828694343567 0.40601828694343567 0.40601828694343567 ] ) 
Round 27 done

STARTING ROUND 28:
Time to generate data in round 28: 232.6486804485321
Time to fit model in round 28: 141.46074295043945
Round 28weights:
[array([[ 0.06037188,  0.06037188,  0.06037188,  0.06037188],
       [ 0.50262135,  0.50262135,  0.50262135,  0.50262135],
       [ 0.81206334,  0.81206334,  0.81206334,  0.81206334],
       [-0.12919085, -0.12919085, -0.12919085, -0.12919085],
       [-0.07482859, -0.07482859, -0.07482859, -0.07482859],
       [ 0.07723145,  0.07723145,  0.07723145,  0.07723145],
       [ 0.37206754,  0.37206754,  0.37206754,  0.37206754],
       [ 0.968472  ,  0.968472  ,  0.968472  ,  0.968472  ],
       [ 0.15112728,  0.15112728,  0.15112728,  0.15112728],
       [-0.28130278, -0.28130278, -0.28130278, -0.28130278],
       [ 0.27977222,  0.27977222,  0.27977222,  0.27977222]],
      dtype=float32), array([1.1062851, 1.1062851, 1.1062851, 1.1062851], dtype=float32), array([[0.3815881],
       [0.3815881],
       [0.3815881],
       [0.3815881]], dtype=float32), array([-1.6860669], dtype=float32)]
Round 28graph string:
16 ( i  func 0 0.0  [ ] [ ] ) ( i  func 1 0.0  [ ] [ ] ) ( i  func 2 0.0  [ ] [ ] ) ( i  func 3 0.0  [ ] [ ] ) ( i  func 4 0.0  [ ] [ ] ) ( i  func 5 0.0  [ ] [ ] ) ( i  func 6 0.0  [ ] [ ] ) ( i  func 7 0.0  [ ] [ ] ) ( i  func 8 0.0  [ ] [ ] ) ( i  func 9 0.0  [ ] [ ] ) ( i  func 10 0.0  [ ] [ ] ) ( m relu 11 1.1062850952148438 [ 0  1  2  3  4  5  6  7  8  9  10 ] [ 0.06037187576293945 0.5026213526725769 0.8120633363723755 -0.1291908472776413 -0.07482859492301941 0.07723145186901093 0.37206754088401794 0.9684720039367676 0.15112727880477905 -0.2813027799129486 0.27977222204208374 ] ) ( m relu 12 1.1062850952148438 [ 0  1  2  3  4  5  6  7  8  9  10 ] [ 0.06037187576293945 0.5026213526725769 0.8120633363723755 -0.1291908472776413 -0.07482859492301941 0.07723145186901093 0.37206754088401794 0.9684720039367676 0.15112727880477905 -0.2813027799129486 0.27977222204208374 ] ) ( m relu 13 1.1062850952148438 [ 0  1  2  3  4  5  6  7  8  9  10 ] [ 0.06037187576293945 0.5026213526725769 0.8120633363723755 -0.1291908472776413 -0.07482859492301941 0.07723145186901093 0.37206754088401794 0.9684720039367676 0.15112727880477905 -0.2813027799129486 0.27977222204208374 ] ) ( m relu 14 1.1062850952148438 [ 0  1  2  3  4  5  6  7  8  9  10 ] [ 0.06037187576293945 0.5026213526725769 0.8120633363723755 -0.1291908472776413 -0.07482859492301941 0.07723145186901093 0.37206754088401794 0.9684720039367676 0.15112727880477905 -0.2813027799129486 0.27977222204208374 ] ) ( m sigmoid 15 -1.6860668659210205 [ 11  12  13  14 ] [ 0.3815881013870239 0.3815881013870239 0.3815881013870239 0.3815881013870239 ] ) 
Round 28 done

STARTING ROUND 29:
Time to generate data in round 29: 260.3979616165161
Time to fit model in round 29: 144.54907250404358
Round 29weights:
[array([[ 4.4062972e-04,  4.4062972e-04,  4.4062972e-04,  4.4062972e-04],
       [ 4.5943952e-01,  4.5943952e-01,  4.5943952e-01,  4.5943952e-01],
       [ 8.0007505e-01,  8.0007505e-01,  8.0007505e-01,  8.0007505e-01],
       [-8.7013960e-02, -8.7013960e-02, -8.7013960e-02, -8.7013960e-02],
       [-6.0708381e-02, -6.0708381e-02, -6.0708381e-02, -6.0708381e-02],
       [ 6.6405043e-02,  6.6405043e-02,  6.6405043e-02,  6.6405043e-02],
       [ 3.7101328e-01,  3.7101328e-01,  3.7101328e-01,  3.7101328e-01],
       [ 9.5893639e-01,  9.5893639e-01,  9.5893639e-01,  9.5893639e-01],
       [ 1.5390716e-01,  1.5390716e-01,  1.5390716e-01,  1.5390716e-01],
       [-2.7472711e-01, -2.7472711e-01, -2.7472711e-01, -2.7472711e-01],
       [ 2.7486527e-01,  2.7486527e-01,  2.7486527e-01,  2.7486527e-01]],
      dtype=float32), array([1.1398121, 1.1398121, 1.1398121, 1.1398121], dtype=float32), array([[0.34671193],
       [0.34671193],
       [0.34671193],
       [0.34671193]], dtype=float32), array([-1.5893241], dtype=float32)]
Round 29graph string:
16 ( i  func 0 0.0  [ ] [ ] ) ( i  func 1 0.0  [ ] [ ] ) ( i  func 2 0.0  [ ] [ ] ) ( i  func 3 0.0  [ ] [ ] ) ( i  func 4 0.0  [ ] [ ] ) ( i  func 5 0.0  [ ] [ ] ) ( i  func 6 0.0  [ ] [ ] ) ( i  func 7 0.0  [ ] [ ] ) ( i  func 8 0.0  [ ] [ ] ) ( i  func 9 0.0  [ ] [ ] ) ( i  func 10 0.0  [ ] [ ] ) ( m relu 11 1.1398121118545532 [ 0  1  2  3  4  5  6  7  8  9  10 ] [ 0.00044062972301617265 0.4594395160675049 0.8000750541687012 -0.08701395988464355 -0.06070838123559952 0.0664050430059433 0.3710132837295532 0.9589363932609558 0.1539071649312973 -0.27472710609436035 0.2748652696609497 ] ) ( m relu 12 1.1398121118545532 [ 0  1  2  3  4  5  6  7  8  9  10 ] [ 0.00044062972301617265 0.4594395160675049 0.8000750541687012 -0.08701395988464355 -0.06070838123559952 0.0664050430059433 0.3710132837295532 0.9589363932609558 0.1539071649312973 -0.27472710609436035 0.2748652696609497 ] ) ( m relu 13 1.1398121118545532 [ 0  1  2  3  4  5  6  7  8  9  10 ] [ 0.00044062972301617265 0.4594395160675049 0.8000750541687012 -0.08701395988464355 -0.06070838123559952 0.0664050430059433 0.3710132837295532 0.9589363932609558 0.1539071649312973 -0.27472710609436035 0.2748652696609497 ] ) ( m relu 14 1.1398121118545532 [ 0  1  2  3  4  5  6  7  8  9  10 ] [ 0.00044062972301617265 0.4594395160675049 0.8000750541687012 -0.08701395988464355 -0.06070838123559952 0.0664050430059433 0.3710132837295532 0.9589363932609558 0.1539071649312973 -0.27472710609436035 0.2748652696609497 ] ) ( m sigmoid 15 -1.5893241167068481 [ 11  12  13  14 ] [ 0.3467119336128235 0.3467119336128235 0.3467119336128235 0.3467119336128235 ] ) 
Round 29 done

STARTING ROUND 30:
Time to generate data in round 30: 245.28065490722656
Time to fit model in round 30: 138.13417887687683
Round 30weights:
[array([[ 0.06810072,  0.06810072,  0.06810072,  0.06810072],
       [ 0.4781433 ,  0.4781433 ,  0.4781433 ,  0.4781433 ],
       [ 0.8136071 ,  0.8136071 ,  0.8136071 ,  0.8136071 ],
       [-0.08665901, -0.08665901, -0.08665901, -0.08665901],
       [-0.06957168, -0.06957168, -0.06957168, -0.06957168],
       [ 0.06874605,  0.06874605,  0.06874605,  0.06874605],
       [ 0.42078814,  0.42078814,  0.42078814,  0.42078814],
       [ 0.9753672 ,  0.9753672 ,  0.9753672 ,  0.9753672 ],
       [ 0.15952389,  0.15952389,  0.15952389,  0.15952389],
       [-0.283841  , -0.283841  , -0.283841  , -0.283841  ],
       [ 0.28223547,  0.28223547,  0.28223547,  0.28223547]],
      dtype=float32), array([1.0963663, 1.0963663, 1.0963663, 1.0963663], dtype=float32), array([[0.3890096],
       [0.3890096],
       [0.3890096],
       [0.3890096]], dtype=float32), array([-1.7149781], dtype=float32)]
Round 30graph string:
16 ( i  func 0 0.0  [ ] [ ] ) ( i  func 1 0.0  [ ] [ ] ) ( i  func 2 0.0  [ ] [ ] ) ( i  func 3 0.0  [ ] [ ] ) ( i  func 4 0.0  [ ] [ ] ) ( i  func 5 0.0  [ ] [ ] ) ( i  func 6 0.0  [ ] [ ] ) ( i  func 7 0.0  [ ] [ ] ) ( i  func 8 0.0  [ ] [ ] ) ( i  func 9 0.0  [ ] [ ] ) ( i  func 10 0.0  [ ] [ ] ) ( m relu 11 1.096366286277771 [ 0  1  2  3  4  5  6  7  8  9  10 ] [ 0.06810072064399719 0.4781433045864105 0.8136070966720581 -0.0866590142250061 -0.06957168132066727 0.06874605268239975 0.42078813910484314 0.9753671884536743 0.1595238894224167 -0.28384101390838623 0.2822354733943939 ] ) ( m relu 12 1.096366286277771 [ 0  1  2  3  4  5  6  7  8  9  10 ] [ 0.06810072064399719 0.4781433045864105 0.8136070966720581 -0.0866590142250061 -0.06957168132066727 0.06874605268239975 0.42078813910484314 0.9753671884536743 0.1595238894224167 -0.28384101390838623 0.2822354733943939 ] ) ( m relu 13 1.096366286277771 [ 0  1  2  3  4  5  6  7  8  9  10 ] [ 0.06810072064399719 0.4781433045864105 0.8136070966720581 -0.0866590142250061 -0.06957168132066727 0.06874605268239975 0.42078813910484314 0.9753671884536743 0.1595238894224167 -0.28384101390838623 0.2822354733943939 ] ) ( m relu 14 1.096366286277771 [ 0  1  2  3  4  5  6  7  8  9  10 ] [ 0.06810072064399719 0.4781433045864105 0.8136070966720581 -0.0866590142250061 -0.06957168132066727 0.06874605268239975 0.42078813910484314 0.9753671884536743 0.1595238894224167 -0.28384101390838623 0.2822354733943939 ] ) ( m sigmoid 15 -1.7149780988693237 [ 11  12  13  14 ] [ 0.38900959491729736 0.38900959491729736 0.38900959491729736 0.38900959491729736 ] ) 
Round 30 done

STARTING ROUND 31:
Time to generate data in round 31: 240.23150825500488
Time to fit model in round 31: 150.08420062065125
Round 31weights:
[array([[ 0.04008757,  0.04008757,  0.04008757,  0.04008757],
       [ 0.47101113,  0.47101113,  0.47101113,  0.47101113],
       [ 0.8080082 ,  0.8080082 ,  0.8080082 ,  0.8080082 ],
       [-0.1040995 , -0.1040995 , -0.1040995 , -0.1040995 ],
       [-0.05359789, -0.05359789, -0.05359789, -0.05359789],
       [ 0.05571174,  0.05571174,  0.05571174,  0.05571174],
       [ 0.36675525,  0.36675525,  0.36675525,  0.36675525],
       [ 0.9627139 ,  0.9627139 ,  0.9627139 ,  0.9627139 ],
       [ 0.15369597,  0.15369597,  0.15369597,  0.15369597],
       [-0.27625248, -0.27625248, -0.27625248, -0.27625248],
       [ 0.27454188,  0.27454188,  0.27454188,  0.27454188]],
      dtype=float32), array([1.1290652, 1.1290652, 1.1290652, 1.1290652], dtype=float32), array([[0.35810676],
       [0.35810676],
       [0.35810676],
       [0.35810676]], dtype=float32), array([-1.6219518], dtype=float32)]
Round 31graph string:
16 ( i  func 0 0.0  [ ] [ ] ) ( i  func 1 0.0  [ ] [ ] ) ( i  func 2 0.0  [ ] [ ] ) ( i  func 3 0.0  [ ] [ ] ) ( i  func 4 0.0  [ ] [ ] ) ( i  func 5 0.0  [ ] [ ] ) ( i  func 6 0.0  [ ] [ ] ) ( i  func 7 0.0  [ ] [ ] ) ( i  func 8 0.0  [ ] [ ] ) ( i  func 9 0.0  [ ] [ ] ) ( i  func 10 0.0  [ ] [ ] ) ( m relu 11 1.1290651559829712 [ 0  1  2  3  4  5  6  7  8  9  10 ] [ 0.04008757323026657 0.47101113200187683 0.8080081939697266 -0.10409949719905853 -0.05359789356589317 0.05571173503994942 0.36675524711608887 0.962713897228241 0.1536959707736969 -0.27625247836112976 0.2745418846607208 ] ) ( m relu 12 1.1290651559829712 [ 0  1  2  3  4  5  6  7  8  9  10 ] [ 0.04008757323026657 0.47101113200187683 0.8080081939697266 -0.10409949719905853 -0.05359789356589317 0.05571173503994942 0.36675524711608887 0.962713897228241 0.1536959707736969 -0.27625247836112976 0.2745418846607208 ] ) ( m relu 13 1.1290651559829712 [ 0  1  2  3  4  5  6  7  8  9  10 ] [ 0.04008757323026657 0.47101113200187683 0.8080081939697266 -0.10409949719905853 -0.05359789356589317 0.05571173503994942 0.36675524711608887 0.962713897228241 0.1536959707736969 -0.27625247836112976 0.2745418846607208 ] ) ( m relu 14 1.1290651559829712 [ 0  1  2  3  4  5  6  7  8  9  10 ] [ 0.04008757323026657 0.47101113200187683 0.8080081939697266 -0.10409949719905853 -0.05359789356589317 0.05571173503994942 0.36675524711608887 0.962713897228241 0.1536959707736969 -0.27625247836112976 0.2745418846607208 ] ) ( m sigmoid 15 -1.6219518184661865 [ 11  12  13  14 ] [ 0.3581067621707916 0.3581067621707916 0.3581067621707916 0.3581067621707916 ] ) 
Round 31 done

STARTING ROUND 32:
Time to generate data in round 32: 254.4160406589508
Time to fit model in round 32: 150.3404676914215
Round 32weights:
[array([[ 0.09705532,  0.09705532,  0.09705532,  0.09705532],
       [ 0.47075096,  0.47075096,  0.47075096,  0.47075096],
       [ 0.8194001 ,  0.8194001 ,  0.8194001 ,  0.8194001 ],
       [-0.15108803, -0.15108803, -0.15108803, -0.15108803],
       [-0.03939232, -0.03939232, -0.03939232, -0.03939232],
       [ 0.04010964,  0.04010964,  0.04010964,  0.04010964],
       [ 0.37329867,  0.37329867,  0.37329867,  0.37329867],
       [ 0.9766974 ,  0.9766974 ,  0.9766974 ,  0.9766974 ],
       [ 0.12484756,  0.12484756,  0.12484756,  0.12484756],
       [-0.2513178 , -0.2513178 , -0.2513178 , -0.2513178 ],
       [ 0.24855185,  0.24855185,  0.24855185,  0.24855185]],
      dtype=float32), array([1.118305, 1.118305, 1.118305, 1.118305], dtype=float32), array([[0.37018362],
       [0.37018362],
       [0.37018362],
       [0.37018362]], dtype=float32), array([-1.6563272], dtype=float32)]
Round 32graph string:
16 ( i  func 0 0.0  [ ] [ ] ) ( i  func 1 0.0  [ ] [ ] ) ( i  func 2 0.0  [ ] [ ] ) ( i  func 3 0.0  [ ] [ ] ) ( i  func 4 0.0  [ ] [ ] ) ( i  func 5 0.0  [ ] [ ] ) ( i  func 6 0.0  [ ] [ ] ) ( i  func 7 0.0  [ ] [ ] ) ( i  func 8 0.0  [ ] [ ] ) ( i  func 9 0.0  [ ] [ ] ) ( i  func 10 0.0  [ ] [ ] ) ( m relu 11 1.118304967880249 [ 0  1  2  3  4  5  6  7  8  9  10 ] [ 0.09705531597137451 0.47075095772743225 0.8194000720977783 -0.15108802914619446 -0.039392318576574326 0.04010963812470436 0.37329867482185364 0.9766973853111267 0.12484756112098694 -0.2513177990913391 0.2485518455505371 ] ) ( m relu 12 1.118304967880249 [ 0  1  2  3  4  5  6  7  8  9  10 ] [ 0.09705531597137451 0.47075095772743225 0.8194000720977783 -0.15108802914619446 -0.039392318576574326 0.04010963812470436 0.37329867482185364 0.9766973853111267 0.12484756112098694 -0.2513177990913391 0.2485518455505371 ] ) ( m relu 13 1.118304967880249 [ 0  1  2  3  4  5  6  7  8  9  10 ] [ 0.09705531597137451 0.47075095772743225 0.8194000720977783 -0.15108802914619446 -0.039392318576574326 0.04010963812470436 0.37329867482185364 0.9766973853111267 0.12484756112098694 -0.2513177990913391 0.2485518455505371 ] ) ( m relu 14 1.118304967880249 [ 0  1  2  3  4  5  6  7  8  9  10 ] [ 0.09705531597137451 0.47075095772743225 0.8194000720977783 -0.15108802914619446 -0.039392318576574326 0.04010963812470436 0.37329867482185364 0.9766973853111267 0.12484756112098694 -0.2513177990913391 0.2485518455505371 ] ) ( m sigmoid 15 -1.656327247619629 [ 11  12  13  14 ] [ 0.3701836168766022 0.3701836168766022 0.3701836168766022 0.3701836168766022 ] ) 
Round 32 done

STARTING ROUND 33:
Time to generate data in round 33: 238.63278603553772
Time to fit model in round 33: 134.61482620239258
Round 33weights:
[array([[ 0.07765295,  0.07765295,  0.07765295,  0.07765295],
       [ 0.4778289 ,  0.4778289 ,  0.4778289 ,  0.4778289 ],
       [ 0.8155227 ,  0.8155227 ,  0.8155227 ,  0.8155227 ],
       [-0.11973198, -0.11973198, -0.11973198, -0.11973198],
       [-0.06589183, -0.06589183, -0.06589183, -0.06589183],
       [ 0.06649475,  0.06649475,  0.06649475,  0.06649475],
       [ 0.36595935,  0.36595935,  0.36595935,  0.36595935],
       [ 0.96858424,  0.96858424,  0.96858424,  0.96858424],
       [ 0.13945663,  0.13945663,  0.13945663,  0.13945663],
       [-0.2801941 , -0.2801941 , -0.2801941 , -0.2801941 ],
       [ 0.27937862,  0.27937862,  0.27937862,  0.27937862]],
      dtype=float32), array([1.1154964, 1.1154964, 1.1154964, 1.1154964], dtype=float32), array([[0.37351847],
       [0.37351847],
       [0.37351847],
       [0.37351847]], dtype=float32), array([-1.6691982], dtype=float32)]
Round 33graph string:
16 ( i  func 0 0.0  [ ] [ ] ) ( i  func 1 0.0  [ ] [ ] ) ( i  func 2 0.0  [ ] [ ] ) ( i  func 3 0.0  [ ] [ ] ) ( i  func 4 0.0  [ ] [ ] ) ( i  func 5 0.0  [ ] [ ] ) ( i  func 6 0.0  [ ] [ ] ) ( i  func 7 0.0  [ ] [ ] ) ( i  func 8 0.0  [ ] [ ] ) ( i  func 9 0.0  [ ] [ ] ) ( i  func 10 0.0  [ ] [ ] ) ( m relu 11 1.1154963970184326 [ 0  1  2  3  4  5  6  7  8  9  10 ] [ 0.0776529461145401 0.47782889008522034 0.8155226707458496 -0.11973197758197784 -0.06589183211326599 0.06649474799633026 0.3659593462944031 0.9685842394828796 0.1394566297531128 -0.28019410371780396 0.27937862277030945 ] ) ( m relu 12 1.1154963970184326 [ 0  1  2  3  4  5  6  7  8  9  10 ] [ 0.0776529461145401 0.47782889008522034 0.8155226707458496 -0.11973197758197784 -0.06589183211326599 0.06649474799633026 0.3659593462944031 0.9685842394828796 0.1394566297531128 -0.28019410371780396 0.27937862277030945 ] ) ( m relu 13 1.1154963970184326 [ 0  1  2  3  4  5  6  7  8  9  10 ] [ 0.0776529461145401 0.47782889008522034 0.8155226707458496 -0.11973197758197784 -0.06589183211326599 0.06649474799633026 0.3659593462944031 0.9685842394828796 0.1394566297531128 -0.28019410371780396 0.27937862277030945 ] ) ( m relu 14 1.1154963970184326 [ 0  1  2  3  4  5  6  7  8  9  10 ] [ 0.0776529461145401 0.47782889008522034 0.8155226707458496 -0.11973197758197784 -0.06589183211326599 0.06649474799633026 0.3659593462944031 0.9685842394828796 0.1394566297531128 -0.28019410371780396 0.27937862277030945 ] ) ( m sigmoid 15 -1.6691981554031372 [ 11  12  13  14 ] [ 0.3735184669494629 0.3735184669494629 0.3735184669494629 0.3735184669494629 ] ) 
Round 33 done

STARTING ROUND 34:
Time to generate data in round 34: 259.6675753593445
Time to fit model in round 34: 138.99282598495483
Round 34weights:
[array([[ 0.08032399,  0.08032399,  0.08032399,  0.08032399],
       [ 0.44108018,  0.44108018,  0.44108018,  0.44108018],
       [ 0.81605744,  0.81605744,  0.81605744,  0.81605744],
       [-0.11954359, -0.11954359, -0.11954359, -0.11954359],
       [-0.07907923, -0.07907923, -0.07907923, -0.07907923],
       [ 0.08191171,  0.08191171,  0.08191171,  0.08191171],
       [ 0.32685468,  0.32685468,  0.32685468,  0.32685468],
       [ 0.9702136 ,  0.9702136 ,  0.9702136 ,  0.9702136 ],
       [ 0.14852883,  0.14852883,  0.14852883,  0.14852883],
       [-0.27468023, -0.27468023, -0.27468023, -0.27468023],
       [ 0.2750099 ,  0.2750099 ,  0.2750099 ,  0.2750099 ]],
      dtype=float32), array([1.1339815, 1.1339815, 1.1339815, 1.1339815], dtype=float32), array([[0.35544038],
       [0.35544038],
       [0.35544038],
       [0.35544038]], dtype=float32), array([-1.621787], dtype=float32)]
Round 34graph string:
16 ( i  func 0 0.0  [ ] [ ] ) ( i  func 1 0.0  [ ] [ ] ) ( i  func 2 0.0  [ ] [ ] ) ( i  func 3 0.0  [ ] [ ] ) ( i  func 4 0.0  [ ] [ ] ) ( i  func 5 0.0  [ ] [ ] ) ( i  func 6 0.0  [ ] [ ] ) ( i  func 7 0.0  [ ] [ ] ) ( i  func 8 0.0  [ ] [ ] ) ( i  func 9 0.0  [ ] [ ] ) ( i  func 10 0.0  [ ] [ ] ) ( m relu 11 1.133981466293335 [ 0  1  2  3  4  5  6  7  8  9  10 ] [ 0.08032398670911789 0.4410801827907562 0.8160574436187744 -0.11954358965158463 -0.07907922565937042 0.08191171288490295 0.3268546760082245 0.9702135920524597 0.1485288292169571 -0.2746802270412445 0.2750099003314972 ] ) ( m relu 12 1.133981466293335 [ 0  1  2  3  4  5  6  7  8  9  10 ] [ 0.08032398670911789 0.4410801827907562 0.8160574436187744 -0.11954358965158463 -0.07907922565937042 0.08191171288490295 0.3268546760082245 0.9702135920524597 0.1485288292169571 -0.2746802270412445 0.2750099003314972 ] ) ( m relu 13 1.133981466293335 [ 0  1  2  3  4  5  6  7  8  9  10 ] [ 0.08032398670911789 0.4410801827907562 0.8160574436187744 -0.11954358965158463 -0.07907922565937042 0.08191171288490295 0.3268546760082245 0.9702135920524597 0.1485288292169571 -0.2746802270412445 0.2750099003314972 ] ) ( m relu 14 1.133981466293335 [ 0  1  2  3  4  5  6  7  8  9  10 ] [ 0.08032398670911789 0.4410801827907562 0.8160574436187744 -0.11954358965158463 -0.07907922565937042 0.08191171288490295 0.3268546760082245 0.9702135920524597 0.1485288292169571 -0.2746802270412445 0.2750099003314972 ] ) ( m sigmoid 15 -1.6217869520187378 [ 11  12  13  14 ] [ 0.3554403781890869 0.3554403781890869 0.3554403781890869 0.3554403781890869 ] ) 
Round 34 done

STARTING ROUND 35:
